0 1.851122504781066
0.5 1.147557522975423
1.0 1.013125073002454
1.5 0.7522431821399276
2.0 1.476711669832183
2.5 1.020347999825393
3.0 0.9355990826242727
3.5 1.1280583063909435
4.0 0.9838388049283086
4.5 1.4299676057972093
5.0 1.099936435965148
5.5 0.7797618460691897
6.0 0.9511833323379114
6.5 0.6423499920087671
7.0 1.3200994136138091
7.5 0.9736154865804609
8.0 0.9818719327627814
8.5 0.9199515901116188
9.0 1.0905131637880334
9.5 1.393398241593153
10.0 0.8379450972725229
10.5 1.0375686454646007
11.0 1.1953379020876804
11.5 1.1507511605380274
12.0 1.7483634052038557
12.5 1.4718793488056239
13.0 0.7624552533752926
13.5 0.6444938493357858
14.0 1.3423517009697825
14.5 0.9981285951284637
15.0 0.6535865430732877
15.5 0.8425674976612554
16.0 1.1816575663261935
16.5 0.9176493317268376
17.0 1.0361203228284517
17.5 1.3533499503949153
18.0 0.994768131374494
18.5 1.491293489704129
19.0 0.6885258735234672
19.5 0.9605567937904874
20.0 0.43373583413604877
20.5 1.8015606878505133
21.0 0.8977910606053863
21.5 0.7803190028295794
22.0 0.922323187382606
22.5 0.7575681989758875
23.0 0.7333374613333172
23.5 1.8433656010291721
24.0 0.9323464844923022
24.5 0.8663991719146648
25.0 0.619861340014656
25.5 1.1263700717105833
26.0 0.5543962801853815
26.5 0.7521795624373229
27.0 1.3763536803099168
27.5 1.4993412565804687
28.0 0.9072694040626402
28.5 0.8211131676886875
29.0 1.1864560772942818
29.5 0.806755733697364
30.0 1.1351366832757952
30.5 1.4981840908742847
31.0 0.5751120334784019
31.5 0.7000594806273466
32.0 0.8552231820575664
32.5 1.0098520885693187
33.0 0.7690404713209358
33.5 1.508346588847415
34.0 0.882415460423914
34.5 1.16945423245487
35.0 1.0582061424232347
35.5 1.2864948227134243
36.0 1.2961911104791881
36.5 0.8988861604041081
37.0 1.2470624721470112
37.5 0.9014900220155448
38.0 0.9993685418001454
38.5 1.3607503390932667
39.0 0.5854635372629888
39.5 1.4746726621001867
40.0 0.4242659335833726
40.5 0.8645415449908398
41.0 0.4960465961088849
41.5 0.9441291166821337
42.0 0.682775819107859
42.5 1.174017608399422
43.0 0.31170593511894684
43.5 0.7718938856927864
44.0 0.6177310661218491
44.5 0.7678451206210966
45.0 0.6350355348251928
45.5 0.9933973831646432
46.0 1.1594245703594037
46.5 1.1938749694612172
47.0 1.1373945140571258
47.5 0.9803481174659964
48.0 1.5134442635207126
48.5 1.5408682631641857
49.0 1.6930779900674242
49.5 1.5349142411957852
50.0 0.9658492828936912
50.5 0.7093965250917188
51.0 0.9340023189727205
51.5 0.5241677214284417
52.0 0.8744204822441279
52.5 1.1541186735308615
53.0 1.498423309775812
53.5 0.753549754489472
54.0 0.6313523963948897
54.5 1.0252568823223354
55.0 1.4594697333451845
55.5 1.2150139131760014
56.0 1.014181626003055
56.5 0.7940108397394147
57.0 1.1780343195979543
57.5 1.3708300556953184
58.0 0.3743622537460416
58.5 0.7660426365292263
59.0 0.5350508458936117
59.5 1.3284761625468389
60.0 0.7795607012326551
60.5 0.705211461423152
61.0 1.0762667885625183
61.5 0.36316842530800575
62.0 0.8268185976781901
62.5 0.8131335844065716
63.0 0.832591478020775
63.5 0.9041207411628522
64.0 0.8122698754415549
64.5 1.1750155041567996
65.0 1.0322956173198976
65.5 0.7657889764352126
66.0 1.11874192322961
66.5 0.6052035643427709
67.0 0.2
67.5 0.7528081862645734
68.0 1.2696990337547684
68.5 1.0241577411775535
69.0 1.0441742626486263
69.5 0.7040174674291593
70.0 0.9324592894402932
70.5 1.251518311134971
71.0 1.0549294431390093
71.5 0.6908563378172063
72.0 1.7676476895782156
72.5 1.0515961377594119
73.0 0.9027075106001413
73.5 1.1613014879541321
74.0 1.1272278155613276
74.5 1.582148251989754
75.0 0.8329101676826783
75.5 0.6826938297161269
76.0 1.3713739023481692
76.5 0.9309824727385707
77.0 0.7834010870411127
77.5 1.0977803500364276
78.0 0.6404960859606967
78.5 1.1719375282165851
79.0 1.0659418632649307
79.5 0.8707779273802262
80.0 0.83104108775777
80.5 0.8071790612513663
81.0 1.2663763011288531
81.5 1.2691001891705689
82.0 1.2302670187760598
82.5 1.1326221204389182
83.0 0.9404295807729413
83.5 0.9719695325364468
84.0 1.031179012406035
84.5 1.607464995736736
85.0 0.8046922643004286
85.5 1.180765981914153
86.0 1.590988039746319
86.5 1.0916942811760446
87.0 1.2509301913687176
87.5 0.7533643969027631
88.0 0.7101262834356248
88.5 1.027725678560842
89.0 0.7371054913593706
89.5 0.8006565634185142
90.0 1.2798531383789644
90.5 1.599364532495676
91.0 0.9307985299599192
91.5 0.9008886627969546
92.0 0.9665988302319801
92.5 0.7766045104747585
93.0 0.35332537231116423
93.5 0.7048653887686499
94.0 2.4782453799410917
94.5 0.95224461322797
95.0 1.0813478669904104
95.5 1.251323411236715
96.0 0.6333970708323348
96.5 0.8279009886414606
97.0 0.9066427060730946
97.5 0.7666437650800542
98.0 1.1575356835052109
98.5 1.1441579034773244
99.0 1.1910897734406785
99.5 1.511924369482855
100.0 1.3317734762418245
100.5 1.038083099296891
101.0 0.6005997227742546
101.5 1.0694514599898226
102.0 0.6548845137265762
102.5 0.679261272545185
103.0 0.8731029283607092
103.5 1.068734521176597
104.0 1.5740292587255875
104.5 1.3885818077708296
105.0 0.6396606433749648
105.5 1.2416212044307502
106.0 1.2015349629310472
106.5 1.901597821254759
107.0 0.7271185760683417
107.5 1.3568042820320216
108.0 1.4477062987819287
108.5 1.1364915601785504
109.0 1.2987316863742566
109.5 0.96635275357385
110.0 0.7816562642117328
110.5 0.8808695229250135
111.0 1.0613436586441272
111.5 1.9014719465954841
112.0 0.8658916295752873
112.5 1.1029555527864265
113.0 0.9981847518694338
113.5 0.5617063403351145
114.0 1.164362073261336
114.5 1.2937935286702662
115.0 0.7573762417316612
115.5 1.1620714740000868
116.0 1.0121994109823833
116.5 1.1377761848778256
117.0 1.0338136468256036
117.5 0.7667332461532939
118.0 0.8525923692860284
118.5 0.8273401747729036
119.0 0.7754893768668554
119.5 1.617555425667716
120.0 1.1881905611768957
120.5 0.8350517806879947
121.0 0.8073314618822192
121.5 1.280612914669213
122.0 0.7153394794077808
122.5 1.2334711814524013
123.0 0.7961087432424915
123.5 0.897855875246716
124.0 0.9265844102120497
124.5 1.5294795181058194
125.0 0.8171724586059481
125.5 0.7321441515277048
126.0 1.425179737989174
126.5 1.086583360976939
127.0 0.7507033194358814
127.5 1.4761202466532675
128.0 0.8542661652904976
128.5 0.9738230155274503
129.0 0.6787250835822941
129.5 1.5038410287568436
130.0 1.1278016138208182
130.5 0.830465052423879
131.0 1.8136297228335123
131.5 0.8644162616887653
132.0 0.934616069652272
132.5 1.54940202706868
133.0 0.6917150053092278
133.5 0.6799614948263913
134.0 0.7694011815384237
134.5 0.878487566032368
135.0 1.644399642458871
135.5 0.609339792777628
136.0 1.1601586045863788
136.5 0.7416859672950871
137.0 0.9522380682986011
137.5 1.0296257511021385
138.0 1.5332391931090912
138.5 1.0038988240443334
139.0 1.4808701292753106
139.5 0.8841184566298382
140.0 0.9111905558947679
140.5 0.7478296396991301
141.0 0.995178301172041
141.5 0.880199736326194
142.0 1.1295345189986916
142.5 0.7734173788572856
143.0 0.7290384181075331
143.5 0.6986180822278886
144.0 0.7975301918527135
144.5 0.8425525658292675
145.0 0.9243265028395711
145.5 1.2161715170578287
146.0 0.7293488772996818
146.5 0.9581790899198848
147.0 0.6077178504767008
147.5 1.462139313539855
148.0 0.8582448439007095
148.5 0.6345637774555819
149.0 0.4137229119673506
149.5 1.4302686202612849
150.0 0.9857060907961871
150.5 0.9384990775607673
151.0 1.2431706620640695
151.5 0.9052450784415214
152.0 1.2628295563158694
152.5 0.8315391538805275
153.0 0.8311648027908081
153.5 1.155136716808184
154.0 1.0416440621160534
154.5 1.2184163926977414
155.0 0.7457402264869936
155.5 1.5183937681425572
156.0 0.8676445012891643
156.5 1.2821236107866052
157.0 0.9118271230646183
157.5 0.9022430811949066
158.0 0.8521585853655418
158.5 1.2862230672589368
159.0 1.0901039451085233
159.5 1.154424595797818
160.0 0.5975154684435633
160.5 0.7151594948818707
161.0 0.7093532942907098
161.5 0.44883466991239007
162.0 1.5066826332736833
162.5 0.2
163.0 0.830792799061329
163.5 0.6957509626242346
164.0 1.0653443903833075
164.5 1.2796102155342477
165.0 2.6260406722138048
165.5 0.8719370474786234
166.0 0.9255010881813414
166.5 1.4812296275496935
167.0 0.8536291448745269
167.5 1.1856212966942743
168.0 1.2087565716545394
168.5 1.1971347537952977
169.0 1.0640647691136107
169.5 0.721177807636775
170.0 0.4302698097700567
170.5 0.71488011939201
171.0 1.061087578325071
171.5 0.45410294707722754
172.0 0.8322332262530849
172.5 1.1276012352778768
173.0 0.8794243513069939
173.5 1.752329278145964
174.0 1.5592861648816618
174.5 1.218961896805892
175.0 0.9616203275935611
175.5 1.4004198473611016
176.0 0.7477427747922171
176.5 1.8552961531362149
177.0 0.8685555470355911
177.5 0.9146297174753278
178.0 0.967254437378317
178.5 0.479603387211071
179.0 0.9321209490197792
179.5 0.9034052330213352
180.0 1.6105266969556533
180.5 0.6330589679082741
181.0 1.0845326689957342
181.5 1.318891933569649
182.0 0.5697873710645487
182.5 0.8837587353615626
183.0 1.2598236620229841
183.5 1.6497219396072356
184.0 0.9533482389340213
184.5 1.4200351866561234
185.0 0.6909574051181024
185.5 0.8605435924353055
186.0 1.1325139975147662
186.5 1.6638717911479592
187.0 1.4183152978693294
187.5 1.158514664445883
188.0 0.9583393995984922
188.5 1.551145504577752
189.0 0.6446574994677602
189.5 1.329841638692583
190.0 0.5245663481941871
190.5 1.1381377271428352
191.0 1.702664185307127
191.5 1.0475521107984638
192.0 0.6017340674887239
192.5 1.31663266305701
193.0 1.023917161940072
193.5 0.9537095604122865
194.0 1.3579409750359912
194.5 0.51851424871771
195.0 1.0691714539322814
195.5 0.7114912314763504
196.0 0.7381918162585366
196.5 1.346496229659453
197.0 1.004659732948007
197.5 0.9856051514766146
198.0 1.3830425820909575
198.5 1.4855467802472617
199.0 0.5776662379963442
199.5 0.8042908765939819
200.0 1.255706130271696
200.5 1.3166891629947468
201.0 0.5682292478206787
201.5 0.9674752867757929
202.0 1.4054858371734968
202.5 1.5003199365554134
203.0 1.0217689707826527
203.5 1.2687051429860854
204.0 0.7361061698245505
204.5 1.7461331640988416
205.0 0.9592766816762313
205.5 1.756201998689777
206.0 1.044949969855261
206.5 0.8239291462864382
207.0 1.0370297898311018
207.5 2.378712710245716
208.0 1.1763058213447206
208.5 1.7550682518242122
209.0 0.7474875980709698
209.5 1.1197385357936862
210.0 0.8677994348297523
210.5 0.9235984222684923
211.0 0.5482176891184939
211.5 1.064403104134432
212.0 1.075959993231912
212.5 1.1936920625295655
213.0 0.7114605833748149
213.5 0.8393049126317991
214.0 0.9455217381850413
214.5 1.0838846720356357
215.0 0.6383539207850099
215.5 0.4071119868445431
216.0 1.375589472810462
216.5 0.5864447341208961
217.0 0.5476288812860743
217.5 0.6694181912138488
218.0 1.085774234483829
218.5 0.9864694486830791
219.0 0.8085556881800261
219.5 0.8869659154888185
220.0 0.2
220.5 0.493735555214929
221.0 1.3409985692404591
221.5 1.0885928141650476
222.0 0.898039140885927
222.5 0.7601039316188221
223.0 0.42520643413852527
223.5 0.6762457398446287
224.0 1.2841571371020146
224.5 1.2646191819516632
225.0 2.1449371906213655
225.5 1.9717251710061339
226.0 0.2
226.5 0.8219144994433744
227.0 1.302178005428814
227.5 0.4938666112096609
228.0 0.9017527682319026
228.5 1.627164066819319
229.0 0.9971497225619271
229.5 0.9135915039952605
230.0 0.8675543967591492
230.5 0.7311621366685965
231.0 0.6815829386858676
231.5 0.774567228489776
232.0 0.9202152342937848
232.5 1.8051358896006802
233.0 1.3970751854931458
233.5 1.4022642909734766
234.0 0.9070848357804774
234.5 0.2567032187631938
235.0 1.482687184021374
235.5 1.5001968714253318
236.0 0.9068374053220951
236.5 1.2735782353930576
237.0 0.7569079337601292
237.5 0.4682185009665033
238.0 0.9288757857431614
238.5 0.8954125004748072
239.0 1.4671964809892795
239.5 0.7263185475205778
240.0 0.8003920366378579
240.5 0.8088205564693545
241.0 0.4365136039199614
241.5 1.7882991434446502
242.0 0.9466969129905543
242.5 1.9314753831442437
243.0 0.9477201905787929
243.5 1.7089695230626787
244.0 0.499515025716196
244.5 1.173934406328312
245.0 1.1434560029661704
245.5 1.1765503455991626
246.0 0.5117002173765113
246.5 1.1066330589762217
247.0 0.7734175660008027
247.5 0.563961068512884
248.0 0.9487788798209364
248.5 1.1696565075297878
249.0 0.9815208495050951
249.5 1.3224980431528572
250.0 0.8256949244764851
250.5 0.8020482055038525
251.0 1.451038411946975
251.5 0.7626068214601047
252.0 1.4537489490870246
252.5 0.7353340828809894
253.0 0.719819126740715
253.5 1.6250653552557308
254.0 1.3157665809468657
254.5 0.9267722321660967
255.0 0.6483038699649196
255.5 1.3385944013259192
256.0 1.2523763088412951
256.5 1.4145673946974253
257.0 0.9471375632072555
257.5 0.8070213765274529
258.0 1.3920237131588604
258.5 0.6593434887679455
259.0 1.1026917467605477
259.5 0.768553205301146
260.0 1.0730868559655486
260.5 1.1078534219319238
261.0 1.2754846618745288
261.5 0.7307563956895471
262.0 1.0163766070044684
262.5 0.9922152225925098
263.0 0.5915521277140454
263.5 0.8199118434227157
264.0 1.802717291966189
264.5 1.1583103765309875
265.0 1.4342527683503623
265.5 1.1419953326471868
266.0 0.8046044544135573
266.5 0.7862878588928763
267.0 1.8285601557235398
267.5 0.800873548239713
268.0 1.936771864895527
268.5 1.059970865366025
269.0 1.5708602157924156
269.5 0.7982638114242668
270.0 1.9641309512009566
270.5 0.8225770201957883
271.0 0.7573941044025025
271.5 0.9182010603258599
272.0 1.470725331352135
272.5 1.0220322912659539
273.0 1.1753150893805122
273.5 1.457684917584321
274.0 0.7011565590750382
274.5 0.7065665436415037
275.0 0.7232471547640994
275.5 1.016046955912401
276.0 0.4808711087547143
276.5 0.9751561428853537
277.0 1.3015560430559021
277.5 0.8528114304308902
278.0 1.452371089254512
278.5 0.4632473948133392
279.0 1.9540279679291541
279.5 1.2041443787058328
280.0 1.1578457148397434
280.5 0.9685506319882933
281.0 1.7369261044739392
281.5 0.7318540579494608
282.0 0.45385050123935355
282.5 1.2114498840530863
283.0 1.5175552287465757
283.5 0.9024252767391864
284.0 0.49010603109455375
284.5 0.8225474359435161
285.0 0.7773272136154336
285.5 0.6195204100832856
286.0 1.2521211823888396
286.5 0.7108383814412176
287.0 0.9628205848002906
287.5 1.2019668671197326
288.0 1.0419633815798899
288.5 1.0980148332811144
289.0 0.9675482856609964
289.5 1.312611785273062
290.0 0.264338971011678
290.5 0.8384418566483802
291.0 1.0383473744446081
291.5 1.4550665272127827
292.0 1.3380152184399008
292.5 0.7792633321010385
293.0 0.9527537996191704
293.5 1.2656633915663724
294.0 1.1460341696262142
294.5 1.1889812888843474
295.0 1.364729400023351
295.5 1.0510720730750236
296.0 0.8467031020247535
296.5 0.4595296909738355
297.0 0.796310388886742
297.5 0.6362136552978055
298.0 1.052690689630971
298.5 0.8314136990376993
299.0 0.891229162635254
299.5 1.2677898638806724
300.0 0.7753974508663228
300.5 0.5870246049560951
301.0 0.91161906483685
301.5 0.8298704059657773
302.0 0.2
302.5 1.275171232827505
303.0 0.5418397536400161
303.5 0.8918869562528722
304.0 0.9490735872171867
304.5 0.2
305.0 2.1363820675496132
305.5 1.1967867404042833
306.0 0.4201639592318895
306.5 0.8378646946495817
307.0 0.4889344070434012
307.5 0.8706102144279392
308.0 0.7106684463138659
308.5 1.0563387119529002
309.0 0.9042386320725848
309.5 1.1806344669216193
310.0 1.4127789491576288
310.5 1.5621041219466063
311.0 0.8585968835146882
311.5 1.2496133736804587
312.0 0.7962644845773843
312.5 0.781859208037428
313.0 1.07933057046484
313.5 0.6844655127486907
314.0 0.7454952508644657
314.5 0.9935395141068849
315.0 0.5950523728781201
315.5 0.6451490316601345
316.0 0.7461312209233865
316.5 1.6047667110112886
317.0 1.1925992662604572
317.5 0.4353299304967041
318.0 1.3038496105538395
318.5 0.8153182438188277
319.0 0.5042501562035607
319.5 0.44369783453387585
320.0 1.0782940365500782
320.5 0.8521679653957704
321.0 1.2701515006015307
321.5 1.0956124620841456
322.0 1.5935015725966655
322.5 1.4103862643317817
323.0 1.6088254785775074
323.5 1.061153440079276
324.0 1.5774520307465711
324.5 0.9403533413220757
325.0 1.2694300729506218
325.5 1.3002575871634616
326.0 0.5693573452842607
326.5 1.0058569672028117
327.0 1.3011953908413565
327.5 1.2453792028204926
328.0 1.4081311756303179
328.5 0.2
329.0 1.5850453704893632
329.5 1.202197997348267
330.0 1.1261971968402231
330.5 0.9537720942204226
331.0 0.5126082886047114
331.5 0.8014643942371105
332.0 0.7465538564720473
332.5 1.567410548550872
333.0 1.1867509396386957
333.5 1.3541299678546004
334.0 1.2159499109636127
334.5 1.3019702207608468
335.0 0.792998338069877
335.5 0.6644750470100084
336.0 0.7686832894482719
336.5 0.7285954871120119
337.0 0.7832530594806968
337.5 1.3050177695755227
338.0 1.2394830033712512
338.5 0.9830469975331458
339.0 1.0228950605772753
339.5 1.73538267911478
340.0 0.44054202781899743
340.5 0.8914809640373837
341.0 1.2650302976218115
341.5 0.7509643931389673
342.0 1.7075417393483505
342.5 0.9831069269238618
343.0 0.9367380524417389
343.5 0.6471353908730271
344.0 0.6646296999956294
344.5 1.0148469591185372
345.0 1.1793976597391413
345.5 0.8770822218049363
346.0 0.7635415275944444
346.5 1.0161637216467405
347.0 0.7220012380282192
347.5 0.8779476021535038
348.0 0.8466887428056545
348.5 0.9264275968033234
349.0 0.482145612704808
349.5 1.1669614322976885
350.0 1.1371895086203274
350.5 0.9394857045354379
351.0 1.4547876992087447
351.5 0.6299863811337476
352.0 1.2190651288733279
352.5 0.7014193790424781
353.0 1.1606102595927537
353.5 0.7559496228985841
354.0 0.8439835293664903
354.5 0.9804645931709456
355.0 0.7213395653454435
355.5 1.053427400947347
356.0 0.5907879867527444
356.5 1.242662825667689
357.0 0.7633118192850843
357.5 0.7240524505243402
358.0 0.5640792000234377
358.5 0.8048147433540026
359.0 1.1854540579857815
359.5 1.349283111536839
360.0 0.8666080010982931
360.5 0.45725041517564113
361.0 0.45330946142533624
361.5 1.1519878036444793
362.0 0.8160854007673457
362.5 0.8816679063145039
363.0 0.5373501781588803
363.5 0.8622790271074992
364.0 1.074019149549766
364.5 0.8710293232626539
365.0 1.7374076430069998
365.5 1.4147328152027696
366.0 0.8673687288157234
366.5 0.7257996275696503
367.0 0.9435236085620923
367.5 0.5625867459452638
368.0 0.9450481302405322
368.5 0.9311686506333376
369.0 0.9657713197511035
369.5 1.6372999923720073
370.0 0.731368072002816
370.5 1.30626327330015
371.0 0.904534836853674
371.5 1.820279663555287
372.0 1.0010304750386165
372.5 1.1264576648528282
373.0 1.3564744037307843
373.5 1.2978572096104792
374.0 1.1008661129380766
374.5 1.0008426676820505
375.0 1.0130173207467443
375.5 1.4437365327731158
376.0 1.5821129277220116
376.5 0.8762709098925321
377.0 1.2232240613069587
377.5 0.6550804888357193
378.0 0.5047893062026054
378.5 0.626661325370085
379.0 0.9658707810342657
379.5 1.1231376069079415
380.0 0.8284217919777891
380.5 0.642307858681856
381.0 1.2693126478684151
381.5 0.4809239876747461
382.0 0.7045898904628151
382.5 0.6935751523925238
383.0 1.5757525987213765
383.5 1.5470628719786546
384.0 0.8497138951436887
384.5 1.7127546711083586
385.0 0.7428315627970828
385.5 0.9166566881986278
386.0 1.0327312634377281
386.5 0.34171138503027987
387.0 1.0516849378535884
387.5 1.1194972599232105
388.0 1.3822235429712233
388.5 0.8495824640557852
389.0 0.9193819143994328
389.5 0.8399658242080561
390.0 1.0500478881895712
390.5 0.4940024832304339
391.0 1.0606037287193342
391.5 1.356106765998391
392.0 0.7110774318510888
392.5 1.2418472335654323
393.0 0.5354691367575682
393.5 1.52436257948791
394.0 0.505028572013938
394.5 0.922023646567964
395.0 1.3612719499441468
395.5 1.6502296769587268
396.0 0.9651916696097943
396.5 0.9637784378816336
397.0 1.2093949610710442
397.5 0.9457824445099127
398.0 0.701031268899804
398.5 0.8928673518613487
399.0 0.8513260954641696
399.5 1.1557445968608744
400.0 1.0666989070846515
400.5 1.6847010036263756
401.0 0.8468625984676352
401.5 0.7523317180798421
402.0 1.5467956038470096
402.5 1.0599285422501945
403.0 0.8657089767646028
403.5 0.9401701482473809
404.0 1.0013130825358068
404.5 0.791161563632454
405.0 0.7103501779442906
405.5 0.903342960201496
406.0 1.1445372748819111
406.5 1.961080664301892
407.0 1.0409536634426941
407.5 1.2131943373490754
408.0 1.0029917624389606
408.5 0.9479583261436735
409.0 0.7314977525636938
409.5 0.8437101924311462
410.0 0.5816026982537739
410.5 0.58843253449852
411.0 0.8797353855312694
411.5 0.9164600031164606
412.0 0.9554814241959525
412.5 0.6173971371197278
413.0 0.9556868696031472
413.5 1.4605863420616272
414.0 0.8158038565265631
414.5 1.7965633401710432
415.0 1.0501828968615858
415.5 1.1472249719414331
416.0 0.8648809407812744
416.5 0.8417832062259955
417.0 0.783925545406171
417.5 0.8882718292853571
418.0 1.1775729000820543
418.5 0.43777396910169897
419.0 0.7417938242149593
419.5 0.3602168970556522
420.0 0.7762011237824584
420.5 1.4604180211628761
421.0 1.4508902357055875
421.5 1.6922827226831327
422.0 0.9809722759948258
422.5 2.196334932225477
423.0 1.1545512486290188
423.5 1.109184420758949
424.0 0.5541343250064844
424.5 0.5207119021470505
425.0 1.0577311456711112
425.5 1.054289828853456
426.0 1.4233435871385516
426.5 1.1312681666795594
427.0 1.0540789684984002
427.5 1.3096015655069122
428.0 0.831779416692744
428.5 1.1399486725551302
429.0 0.9941141786559802
429.5 0.7549950854428269
430.0 0.5631807244504641
430.5 0.7612253581269833
431.0 0.46715656683173773
431.5 0.8397807705531968
432.0 0.6011116664697298
432.5 0.6223805523495967
433.0 1.2583968276382032
433.5 0.46606528013628
434.0 0.9225507218598064
434.5 0.9892435992494176
435.0 1.477332993579266
435.5 0.7200592539756435
436.0 1.0047388426055712
436.5 1.0091991640094233
437.0 1.4684821621110444
437.5 0.7160022899152584
438.0 1.4386175978521671
438.5 1.1409640479965046
439.0 1.5672044717947244
439.5 1.342871617695553
440.0 0.8331122266606238
440.5 0.991316226287733
441.0 0.5986940686830527
441.5 0.9635011827307931
442.0 0.598265768880332
442.5 1.2103628284755434
443.0 1.0265563216221003
443.5 1.2527310798424955
444.0 1.3414773214494753
444.5 0.43999446108501794
445.0 0.9301979435496579
445.5 0.9605706492239786
446.0 0.9255935134514032
446.5 0.5306449062220425
447.0 0.7248829908177958
447.5 1.317031685603061
448.0 1.526777293352633
448.5 1.0423305655161343
449.0 0.7083432618470288
449.5 1.0078424043506766
450.0 1.0039337370356052
450.5 0.7025963410679147
451.0 1.476643005811059
451.5 1.173521407339875
452.0 1.237107764992103
452.5 0.5747996665607409
453.0 1.5951070614403333
453.5 0.21510509174830406
454.0 1.582286824820359
454.5 0.6230516789403642
455.0 1.0494150806599953
455.5 1.57871526689628
456.0 0.9198472717169315
456.5 1.242069148624029
457.0 0.7473760553811735
457.5 1.510608370852026
458.0 0.8043264444369664
458.5 0.762333312823136
459.0 1.084754812630707
459.5 0.7926527465014308
460.0 1.0738156700497976
460.5 0.7002084451338833
461.0 0.8012865079960056
461.5 1.528196126494067
462.0 0.7625054295117937
462.5 1.0801209959226044
463.0 1.4965325112630512
463.5 1.2452280193752252
464.0 0.9674625510840591
464.5 1.0375377646512471
465.0 0.7451731360283192
465.5 0.8246237090243678
466.0 1.2924317375404306
466.5 0.9160060360024453
467.0 0.6489865934530639
467.5 1.0165204378698833
468.0 0.7851609511537301
468.5 1.1824737522296127
469.0 0.835780929966839
469.5 0.766012251985266
470.0 0.7130538360737486
470.5 1.3605738595877352
471.0 0.3947339338642342
471.5 1.6976280153504537
472.0 0.8648514718870484
472.5 1.4234365559270827
473.0 1.355870883652627
473.5 0.5146719203910353
474.0 1.2400592868246965
474.5 0.6865482802220537
475.0 1.1786799948106625
475.5 1.0028007336062599
476.0 1.0365858355902002
476.5 0.8957176937577351
477.0 0.8554138164444745
477.5 0.7384362310581573
478.0 1.0059990710832332
478.5 1.8871812852916952
479.0 0.9879576186721816
479.5 0.8093748009756265
480.0 1.4509309967897321
480.5 1.3957177327628922
481.0 0.6886101370419021
481.5 0.585376437862209
482.0 1.501062332268574
482.5 0.35527812710672624
483.0 1.0125227024041457
483.5 1.5103862010312064
484.0 0.7727419388078407
484.5 0.68811563910839
485.0 0.757584635291377
485.5 1.0236954819406705
486.0 0.6354999242798047
486.5 1.302663929222994
487.0 0.6999897816672325
487.5 0.7916492802753459
488.0 0.9991820716942067
488.5 0.6634344645111492
489.0 0.5634288000793748
489.5 1.7986944335858408
490.0 0.8305426145637577
490.5 1.5838636119798954
491.0 0.8107277568624873
491.5 0.9887269823197413
492.0 1.2094176234822753
492.5 0.43946536195721764
493.0 0.8676755471928776
493.5 0.5914463653200015
494.0 0.9765898356591234
494.5 1.0307992654433713
495.0 0.5549437558929328
495.5 1.7756031294051149
496.0 1.4918311383492837
496.5 0.5492828518692944
497.0 0.5646795018493971
497.5 0.8859340360396843
498.0 1.2646764678610198
498.5 1.087755412893344
499.0 1.3748112692681818
499.5 1.62352358516815
500.0 0.5250180619102593
500.5 1.408501565175706
501.0 0.6861405527257397
501.5 1.008061733900194
502.0 1.8723522485822475
502.5 1.1959047623413834
503.0 0.8151029784632635
503.5 1.3336146097151054
504.0 0.7032406441913293
504.5 1.0157536555346829
505.0 0.8525270513050345
505.5 1.0720384357939343
506.0 1.1924589013185012
506.5 1.261009445584317
507.0 1.170958955846297
507.5 0.648418361964326
508.0 1.2679265658778296
508.5 1.034459743184455
509.0 1.1412858466568783
509.5 0.6678641983646536
510.0 1.3678329361380834
510.5 0.6741748123749773
511.0 0.2
511.5 0.9822252318771254
512.0 0.7175133329494467
512.5 0.7100960474870746
513.0 1.066225616590636
513.5 1.675634308766365
514.0 0.761642257765484
514.5 0.9566479818302993
515.0 0.5015149983098869
515.5 0.9290212136336675
516.0 1.0278506960416034
516.5 0.7467574019579253
517.0 1.3934647075177362
517.5 1.1780948343113078
518.0 1.060151567397971
518.5 0.5854431941144771
519.0 1.1062344076206025
519.5 0.9924063197469061
520.0 0.7002773607064019
520.5 0.44879927457498503
521.0 1.3418841872992315
521.5 0.6682491128456229
522.0 0.8818741050790838
522.5 0.7037773548524262
523.0 0.9601831657016122
523.5 2.0414641677211156
524.0 0.6207955966392955
524.5 0.8594351542420657
525.0 1.221261759892595
525.5 0.954308843177667
526.0 0.7282727540243434
526.5 1.3554930898417206
527.0 1.2086971623813316
527.5 0.9349504245060397
528.0 0.5558829592888176
528.5 0.7731607269258578
529.0 1.1267946765455563
529.5 0.7246706605907418
530.0 0.9020088887637968
530.5 0.49343895444526586
531.0 1.122535108524588
531.5 1.0673905184684451
532.0 0.5583834097110506
532.5 0.9745036334722356
533.0 0.8435094958341876
533.5 0.620983856310029
534.0 0.8488272125065544
534.5 0.9936580552965912
535.0 0.6633917509521523
535.5 0.9634592625006728
536.0 0.9283213178960755
536.5 1.405114748737458
537.0 0.7353186284501576
537.5 0.8235930782008641
538.0 0.7747452695577499
538.5 1.0863113198338008
539.0 1.3983817218547667
539.5 1.2300614217840458
540.0 1.0254973152763223
540.5 0.7729031061374675
541.0 0.3205332559820564
541.5 0.7276675939648007
542.0 1.2970149253746133
542.5 1.5683709353635558
543.0 1.1176282114018221
543.5 1.202948105965517
544.0 1.12170226476727
544.5 0.7732409133687694
545.0 1.0950167348039528
545.5 0.7644149408555815
546.0 0.8190267762674073
546.5 0.478378272435933
547.0 0.9782473072496374
547.5 0.9426708132184712
548.0 1.4109989684515734
548.5 1.3624570047829048
549.0 0.7431637787028629
549.5 0.9112793963502401
550.0 0.8298795566768244
550.5 0.6792902761537878
551.0 1.575885022175095
551.5 0.8994628785048315
552.0 1.1447760802453684
552.5 1.501691533331632
553.0 0.39458081879090956
553.5 0.9234259184035986
554.0 1.1490203334326687
554.5 0.7385433740077478
555.0 0.7320335486449677
555.5 1.8505691428604676
556.0 0.9040712931431713
556.5 0.9880326865172907
557.0 1.164952346556345
557.5 0.7365541868493333
558.0 0.9440050674850899
558.5 0.6304704604738964
559.0 0.6451733644006357
559.5 0.8241140860792581
560.0 0.8751465087632084
560.5 0.699772546896756
561.0 0.8245525893338783
561.5 1.1815014178198642
562.0 1.270561225795851
562.5 1.073886293129355
563.0 0.9762742172123674
563.5 0.7668969806962215
564.0 0.49556260441910716
564.5 1.3777086723653318
565.0 1.6086436101048447
565.5 0.9125805087607379
566.0 0.9791104260995758
566.5 1.237697686894978
567.0 0.8211905562094637
567.5 0.44452042041954887
568.0 1.9035201174678025
568.5 0.5329388149050073
569.0 0.5862176113199566
569.5 1.236996093667039
570.0 1.182742921472273
570.5 0.8799614152402081
571.0 1.9599111791396253
571.5 1.0672424310857356
572.0 1.1512379565575106
572.5 2.010667640151395
573.0 0.8035256687934893
573.5 0.6828914423626535
574.0 1.4621884561507499
574.5 0.7570246726657024
575.0 1.35446397254768
575.5 1.6355437436927664
576.0 1.3345085558695846
576.5 0.7803924564218927
577.0 1.6218204527481843
577.5 0.9258972027874257
578.0 1.7239704064897818
578.5 0.7559943712054187
579.0 1.1956094123109033
579.5 1.4340756259264145
580.0 0.5356307583076707
580.5 0.538307049648675
581.0 0.9576627688373422
581.5 0.6901581572901557
582.0 0.9229913072214315
582.5 1.2422201486274709
583.0 1.5105909026216255
583.5 0.8800825802323481
584.0 0.9258452431471197
584.5 1.4293908542319929
585.0 0.9480056223838679
585.5 0.8333191186250326
586.0 0.646562860782073
586.5 1.1214738456675297
587.0 1.1366844776811789
587.5 0.6603198111100367
588.0 1.1905931187131222
588.5 0.7058376467143533
589.0 1.0507599253490643
589.5 0.8628775444430732
590.0 0.7212257538817085
590.5 1.0969282978833488
591.0 0.8661170437315197
591.5 0.6901938908484583
592.0 1.0816317314364448
592.5 0.6599018716698508
593.0 0.795988261924925
593.5 1.3429622807867072
594.0 0.6008604062343814
594.5 1.1529257163957878
595.0 0.5509849479846998
595.5 0.8941982344940256
596.0 1.0501602394526641
596.5 0.537830441838595
597.0 1.7186998992402445
597.5 0.5576813468242247
598.0 1.2380524699701754
598.5 2.3345553211316483
599.0 0.8967284374161925
599.5 1.1481501666295544
600.0 1.6968344295800444
600.5 1.9640266444523138
601.0 0.8673739919990899
601.5 0.9928159874056359
602.0 1.379184020662767
602.5 0.8623961022360491
603.0 0.9141237086265634
603.5 1.1792684921822894
604.0 0.917410202197924
604.5 0.6501063294717107
605.0 1.5067653395276732
605.5 1.0666530343342364
606.0 0.6541768872956095
606.5 0.872863550476402
607.0 0.8215283099872139
607.5 0.9484013322628068
608.0 0.639681583214092
608.5 0.9754176805708535
609.0 0.8798303802229583
609.5 0.6567828706460389
610.0 1.326465032140972
610.5 0.45555085351891583
611.0 0.6586618883768742
611.5 0.9293477379224059
612.0 0.8111479096726739
612.5 0.6386512250481808
613.0 0.9285012465491796
613.5 0.7543812962459941
614.0 0.8594142961042218
614.5 0.6714927729756215
615.0 1.3683556146467137
615.5 1.4933343012495373
616.0 1.3180861494020086
616.5 1.1688634083653477
617.0 0.828993442112188
617.5 1.4663563583543187
618.0 0.9055985445447681
618.5 0.7900763142074273
619.0 1.217217572918499
619.5 0.8562875422289435
620.0 1.1389745098062485
620.5 1.6345375971749547
621.0 0.9132952790620886
621.5 0.6557782107414836
622.0 0.8157424799057134
622.5 0.8788673713987023
623.0 0.7704588097135073
623.5 1.0428061026811304
624.0 0.904041116205615
624.5 1.9400360632357465
625.0 0.9080001831102561
625.5 1.1159196398127196
626.0 1.3032218400779354
626.5 1.3503183656747466
627.0 0.8845939379304074
627.5 0.7784689122782735
628.0 0.7243268414419637
628.5 1.4389926184845674
629.0 0.7263864479934787
629.5 0.6949696765116344
630.0 1.195241898591272
630.5 1.1104600201198742
631.0 0.784189350969529
631.5 0.8456466597112199
632.0 0.7824747232044007
632.5 0.7960949279451492
633.0 0.6246992393799349
633.5 0.793372301568623
634.0 1.7354431675607764
634.5 0.967763817339153
635.0 1.026872700586515
635.5 1.050543547578096
636.0 0.7796643487383441
636.5 1.2682763022850378
637.0 0.9718053619324902
637.5 0.9799039604452245
638.0 1.5932773136299931
638.5 1.72171913226778
639.0 0.8391380268421377
639.5 1.1512611086885278
640.0 0.8572494365210677
640.5 0.8988272957879189
641.0 1.2614083480591525
641.5 1.172610302621166
642.0 0.7958845039094224
642.5 0.8082217208157354
643.0 1.260167172701128
643.5 1.94547560928602
644.0 0.6741840692540739
644.5 1.156583035892332
645.0 0.7044550633310849
645.5 0.8999825886956528
646.0 1.339235722152926
646.5 1.0845903030703943
647.0 0.38728800717650325
647.5 0.8181295764125804
648.0 0.9486344566595186
648.5 1.9252365125329858
649.0 1.0687895454716738
649.5 1.066864396763126
650.0 1.3575597282370508
650.5 1.5365649092849725
651.0 0.7771074781264259
651.5 0.8201882222645837
652.0 0.6909915764651234
652.5 1.3668428736175406
653.0 1.2586427656732344
653.5 1.6260977089267108
654.0 1.4933735443305967
654.5 1.289750573638889
655.0 0.81830604513752
655.5 0.7029426177714764
656.0 1.6903118722011146
656.5 1.3084476888373102
657.0 0.7717440888994835
657.5 1.2924035342941576
658.0 0.8664647485696759
658.5 1.5262572251539228
659.0 0.9333492445876237
659.5 1.534772599568928
660.0 1.014246309926774
660.5 1.6666441815617392
661.0 1.0153041909597549
661.5 1.4955462368626282
662.0 1.8414577829755343
662.5 1.1778204429479837
663.0 1.4453539872891952
663.5 1.112986281074043
664.0 0.9439005399943232
664.5 1.5025782769537508
665.0 1.047473247911141
665.5 1.0726205710889398
666.0 0.2
666.5 0.517745630092777
667.0 0.8796208105495016
667.5 1.0304742781686653
668.0 1.0551402029012078
668.5 1.0679732340245085
669.0 1.7902823485711319
669.5 0.759707345806789
670.0 0.5021375028927091
670.5 1.4833249610738228
671.0 0.6518824628332532
671.5 1.256371567053443
672.0 1.5272316257918104
672.5 0.8359438142344794
673.0 1.2729552456314448
673.5 2.2168429056742305
674.0 0.7344490609903054
674.5 0.8843404761362449
675.0 1.0758915660516215
675.5 0.839446907192977
676.0 1.0028118734645535
676.5 0.951231114992942
677.0 1.7055840094710315
677.5 1.1056242080185164
678.0 0.8048019050897235
678.5 1.7365888810160586
679.0 0.7921145864960769
679.5 0.7848081475795577
680.0 0.8359906821378371
680.5 1.268502275584222
681.0 0.7495984936295879
681.5 1.3150096874540953
682.0 1.3165974497301343
682.5 1.0592119962632047
683.0 0.9385464383360287
683.5 2.065054996749486
684.0 1.531053338611694
684.5 0.796609481216487
685.0 0.9155568988843505
685.5 1.8075924782199597
686.0 1.3200709355789981
686.5 1.0968374964986904
687.0 0.49637679310957583
687.5 1.0755008656257803
688.0 0.7030471432476082
688.5 0.7163599611379642
689.0 0.7842344751676846
689.5 1.3617951797718655
690.0 1.0237881049053303
690.5 0.8377600145654722
691.0 2.03144825398782
691.5 1.4804339666442432
692.0 0.9965339910513082
692.5 0.5024572415144928
693.0 1.4486811304901677
693.5 1.138709992861116
694.0 0.7799139773169858
694.5 1.0411320189765885
695.0 0.7090661464538636
695.5 0.7353774209451832
696.0 0.9342668755052197
696.5 1.2154708660014761
697.0 0.8615729346611045
697.5 0.8114432445693153
698.0 1.4925130339549302
698.5 1.2576589175157307
699.0 0.52747992758212
699.5 0.657167501618192
700.0 1.014050467667114
700.5 1.7384599565442485
701.0 0.8037588272808817
701.5 0.9792210080408783
702.0 0.5973651986716836
702.5 0.5590298946133011
703.0 1.4727593522488585
703.5 0.6979533263140159
704.0 0.5619448844610929
704.5 1.4067105560353657
705.0 1.0979815605835057
705.5 0.6833384966815326
706.0 1.3675168867605563
706.5 0.7406842453291711
707.0 1.1516236126141766
707.5 1.3512692305131946
708.0 0.8642605062796545
708.5 1.5465613071150175
709.0 1.411996723471976
709.5 1.348218772063392
710.0 1.4042558446336604
710.5 1.2176421786144647
711.0 0.6892030802156626
711.5 0.4930021665287774
712.0 1.649625802070731
712.5 1.2091640947809363
713.0 0.8556190863693595
713.5 0.6775603531120854
714.0 0.9066274359973608
714.5 1.253676403491284
715.0 0.8206403318638908
715.5 0.7109421620146474
716.0 0.8896571156723393
716.5 0.7559684332374441
717.0 0.8677374276884705
717.5 0.6249560132292258
718.0 0.9049016998381286
718.5 1.321393080760504
719.0 1.7561119908006595
719.5 1.2718123446745495
720.0 0.7801009292733696
720.5 1.0419093046099623
721.0 1.4448564143183344
721.5 1.289130778742039
722.0 0.9199815588109436
722.5 1.3950082271049098
723.0 1.7319066969512655
723.5 1.547208303879298
724.0 1.5017590802240377
724.5 1.4195324089711066
725.0 1.7283067512438395
725.5 0.7258705462433007
726.0 0.750917815131577
726.5 0.9044698679347589
727.0 1.0625879472013888
727.5 1.1016914695652047
728.0 0.7454405914418119
728.5 1.0776752706551243
729.0 0.854066011485726
729.5 0.7909380538725647
730.0 1.6580402735688633
730.5 0.7900016921155837
731.0 0.7686869992160958
731.5 0.828982142725159
732.0 0.9282152459247913
732.5 0.9067320712583141
733.0 0.8937560387212178
733.5 0.8185568725618293
734.0 1.053135426080263
734.5 0.7581221000181009
735.0 1.124584303235717
735.5 0.8269401503038893
736.0 0.906554287807242
736.5 0.8735414714643079
737.0 1.3914675728598758
737.5 0.7971695838985234
738.0 1.043898860145596
738.5 0.9417307497119226
739.0 0.9838860908744539
739.5 1.336051622350844
740.0 0.6232753696558829
740.5 1.1991479078409593
741.0 1.3443783157820253
741.5 1.6501249475654778
742.0 0.664763788741892
742.5 1.0981695820695876
743.0 1.1244512912884508
743.5 0.9999149040657747
744.0 0.9479146354980965
744.5 0.7152094193184935
745.0 0.865637836176543
745.5 1.310602677396798
746.0 1.1108124065534928
746.5 0.7335679034919413
747.0 0.5386657080227492
747.5 0.4632122992746797
748.0 0.936520910590195
748.5 0.8446625340804425
749.0 0.6962225675614186
749.5 1.2206783076590366
750.0 1.0546926704729
750.5 1.359521005559953
751.0 1.4164616231854632
751.5 0.8018437402459024
752.0 1.42446942372092
752.5 0.6785554293219241
753.0 0.9618553467212546
753.5 0.5487018893516646
754.0 1.817288977061148
754.5 1.756918404282986
755.0 0.9146902963224355
755.5 1.0392752205672666
756.0 1.235527560985367
756.5 0.5202586783443338
757.0 1.3192972917113184
757.5 1.2376389108461532
758.0 1.3259240240051011
758.5 0.6885933566434241
759.0 1.107132201149723
759.5 0.6035709176407955
760.0 0.860573705644892
760.5 0.9896704436301088
761.0 1.1021352281899164
761.5 0.925471310603994
762.0 0.545310486414378
762.5 1.460338241130934
763.0 1.0828726351543343
763.5 1.163304433751873
764.0 0.9714311790344268
764.5 1.708876045862549
765.0 1.2745587357879833
765.5 1.268511247307333
766.0 1.1250325890060795
766.5 1.2687646915434938
767.0 1.1819529894936136
767.5 0.8047330576149462
768.0 0.37840663426764487
768.5 1.11129253328054
769.0 0.6694499785014862
769.5 0.9344367866046732
770.0 1.1496397949318897
770.5 0.9215048260928604
771.0 0.8232051133522491
771.5 1.2043747179551914
772.0 1.8733876405412344
772.5 1.740571384688535
773.0 1.9913692473230484
773.5 1.2317099582934476
774.0 0.5018670149248535
774.5 0.9737494898199244
775.0 0.31201922212688726
775.5 0.4922654925805488
776.0 0.8819071083253632
776.5 1.13766340442357
777.0 0.4006825299075556
777.5 0.6942471992898089
778.0 0.9250213775590003
778.5 0.5313244334744397
779.0 1.747840658483622
779.5 0.6620590446745948
780.0 0.9393981288690401
780.5 0.7900757191933016
781.0 1.0956211327758283
781.5 1.492613712065407
782.0 0.9285197753541327
782.5 0.9531943696115408
783.0 1.3560004157267977
783.5 1.2799717007273437
784.0 0.7864741431985602
784.5 1.1912677701206786
785.0 0.93236062855487
785.5 0.686224354947521
786.0 0.49084921938251935
786.5 0.8482224714306966
787.0 0.9999836620945671
787.5 1.1465648055014794
788.0 1.1861524557666216
788.5 1.1122406737565267
789.0 1.3259684822842313
789.5 1.433609473437341
790.0 1.2951523180721864
790.5 0.968661993052159
791.0 0.8109936376220248
791.5 0.9532429720876596
792.0 1.7243894752114906
792.5 0.8019315606462504
793.0 0.9365352355069455
793.5 0.8984989609554971
794.0 0.7969990718236648
794.5 0.9584041435654634
795.0 1.1452439884076253
795.5 1.307155395774247
796.0 1.4024094867192805
796.5 1.133819694423368
797.0 0.568738301442469
797.5 0.8743345780112863
798.0 0.6982583515790342
798.5 0.8551446020161337
799.0 0.6475602050407737
799.5 0.9182940865763229
800.0 1.1816715196903473
800.5 0.9131865405997844
801.0 0.9767610153234023
801.5 1.0832415229789554
802.0 0.9985497195532899
802.5 0.900519057423019
803.0 0.8326810991848663
803.5 0.8160725320739808
804.0 1.4937494788501615
804.5 0.7020129277178646
805.0 0.9771639923952191
805.5 0.939483817739348
806.0 1.1054532826817738
806.5 1.4906029727087455
807.0 0.64502870228203
807.5 0.8986964522661165
808.0 0.9213416501228576
808.5 1.320566129762077
809.0 0.8057987288606284
809.5 1.6260200434190435
810.0 1.5422219705271254
810.5 1.2018856642149751
811.0 1.1648794889181942
811.5 0.9502219482470661
812.0 0.9547797515716077
812.5 0.9640441687463881
813.0 0.8532468218412363
813.5 1.401629220324683
814.0 1.2992316794425738
814.5 0.7130979903334597
815.0 1.162855787615341
815.5 0.7912663268056583
816.0 1.7101108783962595
816.5 0.827530375740167
817.0 1.3142984157372921
817.5 0.8314889896965926
818.0 1.2177429962888127
818.5 1.184779526072657
819.0 0.5460691647982374
819.5 1.4431233782233979
820.0 0.3686077169174059
820.5 1.4599753319626982
821.0 1.522203546216422
821.5 1.0936649726586642
822.0 0.8494738212492544
822.5 1.1598441882665425
823.0 0.7285779146756917
823.5 1.0613742404423543
824.0 0.6668680705417889
824.5 0.7408622321244616
825.0 1.5534757720808394
825.5 0.8553796549883248
826.0 0.7360111348422036
826.5 1.244304633464278
827.0 1.195947438813922
827.5 0.8298981990847544
828.0 1.3599699057314956
828.5 0.926161339063252
829.0 0.8618055607241606
829.5 0.5982641993644904
830.0 1.2566453334888332
830.5 0.8890094390525809
831.0 0.8411385148715473
831.5 0.6757556853377111
832.0 0.692572379017165
832.5 0.6723728104694909
833.0 0.8102654366986659
833.5 1.1648903558270298
834.0 0.40756289163730397
834.5 1.2143268878708189
835.0 0.6698626715809728
835.5 0.8148548501240056
836.0 1.275707335037136
836.5 1.0473710175107513
837.0 0.6081810761988276
837.5 0.5508507413753831
838.0 0.6035105089981243
838.5 1.3229195322506966
839.0 1.7364787723519641
839.5 1.5365838492947985
840.0 1.0678064656831312
840.5 1.6643441854236967
841.0 1.8206286684558424
841.5 0.8313093603044488
842.0 1.3816317412512662
842.5 1.0187474834353938
843.0 1.0383413857112695
843.5 1.2561733256155085
844.0 0.8993748966657044
844.5 1.0878040816289434
845.0 0.9475131079542942
845.5 1.4356637490312187
846.0 1.4157272152568727
846.5 0.8918868614958726
847.0 0.5055948830179707
847.5 0.8541369904507435
848.0 0.8091688054643478
848.5 1.3050412104266962
849.0 1.6317991264215639
849.5 0.7225889807863279
850.0 0.9617762622410211
850.5 0.7188826526624119
851.0 0.7844334247116116
851.5 1.1224768595672543
852.0 0.750543580048134
852.5 0.8178697364431371
853.0 0.8236715113483892
853.5 1.4318096839629404
854.0 0.716885858550294
854.5 0.735767105654703
855.0 1.0793406785026383
855.5 1.0041556365951172
856.0 0.8171318397419055
856.5 0.4558666166892964
857.0 1.1439413711632294
857.5 1.350758681555918
858.0 0.514539336059482
858.5 1.29756944635342
859.0 1.0874358362897132
859.5 1.0207024047981965
860.0 0.8555720702177477
860.5 1.0912487561400135
861.0 0.9833164293667647
861.5 0.8000871682630281
862.0 0.811534697198456
862.5 1.059339926329872
863.0 0.8568874740009117
863.5 0.43271862023755087
864.0 1.7128343657490932
864.5 0.7896724836309732
865.0 0.6493966685947148
865.5 0.7742849853551764
866.0 1.4164758414964296
866.5 0.6812643052020324
867.0 0.8893400293286798
867.5 0.4920697057283168
868.0 1.0856678814540548
868.5 0.9012448244668549
869.0 0.8894371365858857
869.5 1.3145618707763709
870.0 0.9025320245868601
870.5 1.0256841018846123
871.0 0.5938245812270652
871.5 1.6061603959673434
872.0 0.8856950900440712
872.5 0.6276472200235735
873.0 0.4492776246066465
873.5 0.6499125581460741
874.0 1.0299014635819168
874.5 1.1493428501719234
875.0 1.0334517894624167
875.5 1.2271201069529196
876.0 0.5802350237498672
876.5 0.9030303998791667
877.0 1.4127545791172236
877.5 1.0051907977517784
878.0 1.8715166691889742
878.5 2.4158620387510306
879.0 1.031279885992566
879.5 0.6206323333505457
880.0 0.5067307107148853
880.5 1.3991320337574384
881.0 1.2682840152572963
881.5 1.7567507569775374
882.0 0.667886699514439
882.5 0.609448278850644
883.0 0.8524405852933937
883.5 1.4800805210400343
884.0 0.5606539215371089
884.5 0.7871861963006757
885.0 0.7805918354445329
885.5 0.9858989129815589
886.0 1.072367401635982
886.5 1.2085287568126577
887.0 1.031833662234766
887.5 0.9665778067377243
888.0 2.2481288858974553
888.5 0.7478250164817561
889.0 1.337536794418407
889.5 0.8562421776619125
890.0 1.3314918101059328
890.5 1.3691611775767647
891.0 0.6762878650958641
891.5 1.369430769225207
892.0 0.49373240356890513
892.5 1.00607239319211
893.0 0.7163152431207158
893.5 1.461959272231108
894.0 0.7381628650139391
894.5 0.9178769005512073
895.0 0.8872285273999541
895.5 0.7418897127063961
896.0 0.5866296472460337
896.5 1.1144496416280618
897.0 0.6267396351364677
897.5 0.8315701463131038
898.0 0.9685869148371646
898.5 1.4113212179424433
899.0 0.873162444673476
899.5 1.3993126515163241
900.0 0.9217457938434437
900.5 0.3865526352498797
901.0 0.8395555226830893
901.5 0.5277647002862418
902.0 1.6903995557037792
902.5 0.696509335435011
903.0 0.6556064680596266
903.5 1.6714094776256578
904.0 1.19578166466558
904.5 1.0237545560645493
905.0 0.6184667305234445
905.5 0.8374846603419069
906.0 0.9092964465750096
906.5 1.6495566196026465
907.0 0.9903906552655308
907.5 0.9707834540994482
908.0 1.8720027031688846
908.5 1.0014058755262125
909.0 0.6574617628296408
909.5 0.9381498895821788
910.0 0.8217786139045906
910.5 0.21111385521649872
911.0 0.9169591068523767
911.5 1.1510289191342673
912.0 1.2547290363361934
912.5 0.8058647173621826
913.0 0.39087629829316806
913.5 1.1573563250977115
914.0 0.5986248363240751
914.5 1.3528732600027928
915.0 0.7577725793284096
915.5 1.1876400431078329
916.0 0.5770582364926388
916.5 1.0690290393691155
917.0 0.6720071435022393
917.5 1.4051256039426012
918.0 1.2962736587098111
918.5 1.1720135397585325
919.0 2.0831065898925933
919.5 0.923231718613682
920.0 1.363109172231297
920.5 0.9840999747372636
921.0 0.8194663557305955
921.5 0.972943478184611
922.0 0.8641127811105039
922.5 1.0119220334005483
923.0 1.8570271468642496
923.5 1.0328210611947661
924.0 2.118201152196922
924.5 0.7011128685474632
925.0 0.8375306569714847
925.5 0.633508430526708
926.0 0.6382002604505537
926.5 1.0131929496074683
927.0 0.6241523559520082
927.5 0.9166810498636407
928.0 0.7333030944102263
928.5 0.8884349505873871
929.0 0.7910199677805458
929.5 0.8137528490678867
930.0 0.4090175495561519
930.5 1.610902688429083
931.0 0.8042157086224364
931.5 1.3045813883398578
932.0 1.1077952240014
932.5 1.1504615495833348
933.0 0.8569857047922996
933.5 1.4434956471504523
934.0 1.6232081024026885
934.5 0.813786186699311
935.0 1.1797195226958568
935.5 0.8641535654300402
936.0 0.9447860843267897
936.5 1.2052886112894519
937.0 1.2801738473177475
937.5 0.6648732472031129
938.0 1.6341702244062044
938.5 1.4392341924459728
939.0 0.6060625852409394
939.5 1.5736674809749545
940.0 0.7119147817282507
940.5 1.4494584560074366
941.0 1.2061855887905664
941.5 0.9406704647485203
942.0 1.0768260258781641
942.5 1.79275479842727
943.0 0.31012711381011193
943.5 0.54182441775193
944.0 0.9531056152167887
944.5 1.0794805993877663
945.0 0.7349748320280299
945.5 0.7154896460749276
946.0 1.8108292524669274
946.5 0.5060765845406023
947.0 0.785178937242306
947.5 1.5111977158257122
948.0 1.1820090017106106
948.5 0.7965623352275029
949.0 1.2859387184636069
949.5 0.726562531114886
950.0 0.9986007273082953
950.5 1.1026393505437688
951.0 0.7997420680311715
951.5 1.0811166387382491
952.0 0.9097321950513346
952.5 1.2369353194978614
953.0 1.7258148711971901
953.5 1.043291103093257
954.0 1.0063784325000125
954.5 1.0584803136887095
955.0 0.8402873159499891
955.5 1.0998922258055617
956.0 1.0375400806831978
956.5 0.6631715984466201
957.0 0.8552176425210499
957.5 1.5195326312377677
958.0 0.8495654536477237
958.5 0.9290269053655266
959.0 0.719561540377768
959.5 2.6847280877428403
960.0 0.8717384363971512
960.5 1.4037629056143026
961.0 1.0578487172216122
961.5 1.1428834565879173
962.0 1.1123728320380408
962.5 1.1255822040564052
963.0 1.2768671052073404
963.5 1.1189924715402797
964.0 0.6899007082129922
964.5 0.47745463178342695
965.0 1.0709215006961132
965.5 0.4338037731582234
966.0 1.0189472676458993
966.5 1.0979620605861227
967.0 1.097940702984419
967.5 0.8638273839888355
968.0 1.0121236725330847
968.5 0.6755223179666506
969.0 1.2709383441747297
969.5 0.596874542389203
970.0 1.578126432888114
970.5 1.1200902339229637
971.0 1.1602801011615653
971.5 0.862564387876339
972.0 1.1236339205832846
972.5 1.4393856462632586
973.0 0.8569798008907142
973.5 0.2
974.0 1.0037490215210432
974.5 0.8553446964790994
975.0 1.140799377011776
975.5 1.3739655914189548
976.0 1.0521041024960116
976.5 0.5395283178969936
977.0 1.2567581236040766
977.5 0.727066940610724
978.0 0.3903095117383111
978.5 0.7654863518310708
979.0 0.6342096900388265
979.5 0.8503959529197177
980.0 0.9943327205240788
980.5 1.13693473429695
981.0 0.9360298778801092
981.5 0.8386519766535553
982.0 0.6655534347489607
982.5 0.9696395578250419
983.0 0.8272095153994028
983.5 0.6038046683239409
984.0 1.4032236138008947
984.5 1.6723289190694652
985.0 1.5977071035998258
985.5 1.558751406752279
986.0 1.3061850975138567
986.5 1.0893884323874534
987.0 1.0230618828441163
987.5 1.1021949022506956
988.0 1.7014950088376333
988.5 0.9295591838477222
989.0 0.8170943747580031
989.5 1.4970042418954175
990.0 0.951984723019856
990.5 0.7032846417969447
991.0 1.1665745869800292
991.5 0.9115334205946612
992.0 0.7176429336455585
992.5 0.854773248262828
993.0 0.5717993234211455
993.5 0.7656151377964847
994.0 0.6425260666376396
994.5 0.7715722567789105
995.0 1.7346271107735811
995.5 1.0344631208137933
996.0 0.6556239724000257
996.5 0.6102763183359563
997.0 0.8991452960826866
997.5 0.9981842838451105
998.0 0.3908446698948126
998.5 0.9087285929424496
999.0 0.7277371527500291
999.5 0.7343486770721948
1000.0 1.4377027733680485
1000.5 0.23511308925162044
1001.0 0.7422809792154041
1001.5 0.6605872319630486
1002.0 1.3590730432238765
1002.5 0.8215798725618472
1003.0 1.4298876128107343
1003.5 1.2770045226572315
1004.0 1.1851031035165192
1004.5 0.735096895133026
1005.0 1.327746600970824
1005.5 0.9833525012517029
1006.0 0.7283284811900346
1006.5 0.6863674140943159
1007.0 0.8111515686462396
1007.5 0.6846468481560413
1008.0 0.6709381839947867
1008.5 0.9804109114200383
1009.0 0.6603737136618998
1009.5 0.3763799264508184
1010.0 0.7257183711252948
1010.5 0.4808907154368136
1011.0 1.3011452363856653
1011.5 0.9157337384050079
1012.0 1.177602748739818
1012.5 0.9389690677740503
1013.0 0.6742599725896796
1013.5 1.043196828534479
1014.0 0.4439681322133524
1014.5 1.338578189478057
1015.0 1.323370969873492
1015.5 1.0369740852297036
1016.0 0.8915132688122799
1016.5 0.8163356700742133
1017.0 0.8316714906597864
1017.5 0.8037587892117478
1018.0 1.2326388458136535
1018.5 0.8561567774268604
1019.0 0.7495587721920263
1019.5 0.9805886476865535
1020.0 1.2234555527253947
1020.5 0.4524935258458632
1021.0 0.9299486214044533
1021.5 1.22989614874902
1022.0 0.8468243330598271
1022.5 0.7644347996295974
1023.0 1.1101586267006647
1023.5 0.7206048039454942
1024.0 1.4561176555474313
1024.5 0.9765191071340109
1025.0 1.359970649190548
1025.5 0.9038118716089748
1026.0 0.8834755104381581
1026.5 0.7801178039879743
1027.0 1.141824601004127
1027.5 0.607819194383747
1028.0 0.6820664381129864
1028.5 0.7611913681620992
1029.0 1.4247163066235684
1029.5 0.6938872976270954
1030.0 1.781921531451534
1030.5 0.8828786878017629
1031.0 1.5272937635999386
1031.5 1.2052497005031326
1032.0 0.8889217221120553
1032.5 0.6734645338382383
1033.0 1.217366949097602
1033.5 0.6195236585289227
1034.0 1.0166447087903312
1034.5 0.9348427245690367
1035.0 1.1273606197909927
1035.5 0.8533729115524266
1036.0 0.6325535213435698
1036.5 0.8292081837585304
1037.0 0.7104853511159362
1037.5 0.8222861228566818
1038.0 0.9934314232565052
1038.5 0.5058090176731638
1039.0 1.0208013941558751
1039.5 0.701514517112785
1040.0 0.7111982025280367
1040.5 0.5132281431298609
1041.0 0.8587114520228424
1041.5 1.7064925817439511
1042.0 1.1367166887764815
1042.5 0.6232431615459031
1043.0 0.6995976652135261
1043.5 0.8074935220721149
1044.0 0.6418250777430492
1044.5 0.8843072347555676
1045.0 0.9595787961435294
1045.5 0.7610220624287567
1046.0 0.8072567604186796
1046.5 0.7214080974801438
1047.0 0.6866671654978305
1047.5 0.9519554760500397
1048.0 1.3672781187938472
1048.5 0.8271278269969928
1049.0 1.7236119511905756
1049.5 0.9700108609639962
1050.0 0.8955533635484763
1050.5 1.0996715884757216
1051.0 0.9425225464113043
1051.5 0.7777956783179005
1052.0 0.6780022776910153
1052.5 1.9304353358222581
1053.0 0.562856448619639
1053.5 0.9279968220827499
1054.0 0.8254248376215219
1054.5 0.7010019950330645
1055.0 0.7183171863272759
1055.5 0.7822670247347083
1056.0 0.403778631890681
1056.5 0.817016762991557
1057.0 1.7014410395434343
1057.5 1.8540095052787855
1058.0 0.9462736111513488
1058.5 0.7897122938660025
1059.0 0.6205850488025755
1059.5 0.7584514706678679
1060.0 0.8155685638895578
1060.5 1.3872425079170783
1061.0 1.9809506863702873
1061.5 1.2152749146308408
1062.0 0.613758441492024
1062.5 1.8532693358221484
1063.0 1.101056151764781
1063.5 1.151364503252257
1064.0 1.5827150558713772
1064.5 0.7244931069870487
1065.0 1.9590869771984623
1065.5 0.8217862777906244
1066.0 0.8661413867407456
1066.5 1.8969738325917014
1067.0 0.7967924599392022
1067.5 1.3229418893050573
1068.0 0.7860158944647986
1068.5 0.9934033409283076
1069.0 0.8936988995847749
1069.5 0.8214346354955341
1070.0 1.647011283776055
1070.5 1.1756327146881027
1071.0 0.8185092726324756
1071.5 1.1492924991675237
1072.0 1.1550621946892448
1072.5 1.5753960011735701
1073.0 0.7807195409301957
1073.5 1.3996372976411635
1074.0 1.0763776760095092
1074.5 0.6154630262880758
1075.0 1.0042910943629668
1075.5 0.9950247571570087
1076.0 1.3941556708086662
1076.5 0.8842132495725166
1077.0 0.6769605721571911
1077.5 0.6798793145597832
1078.0 1.2703639393273427
1078.5 0.8856661959298472
1079.0 0.5732128601963895
1079.5 1.2547516298040273
1080.0 0.7638893521990151
1080.5 0.9376614892216344
1081.0 0.884432545717847
1081.5 1.1082956394624708
1082.0 2.1092337091411295
1082.5 1.2927043826977178
1083.0 0.5815066031786331
1083.5 1.0703233364233729
1084.0 0.6752284324035798
1084.5 1.3774294871052093
1085.0 0.7534060650413363
1085.5 0.708072155603797
1086.0 0.8818910956883976
1086.5 1.8504972451361734
1087.0 0.8376285562116801
1087.5 1.6738580417876694
1088.0 0.6669030135519438
1088.5 0.7297971830591041
1089.0 0.738279318639026
1089.5 1.4823752933702719
1090.0 1.0028772191199598
1090.5 0.4769917323741206
1091.0 1.2646062158997124
1091.5 1.8691756458132587
1092.0 0.42523487571441615
1092.5 1.0907809444005618
1093.0 0.9462556075316124
1093.5 1.472035124892964
1094.0 0.9600064709335345
1094.5 1.404607335162436
1095.0 0.6664150901533983
1095.5 0.9551233536014123
1096.0 1.0607226763247555
1096.5 0.7294544191877133
1097.0 0.9681433293025189
1097.5 0.6893142140195387
1098.0 1.2106726027651988
1098.5 1.4988647223397025
1099.0 1.1010928752983895
1099.5 1.297590022962705
1100.0 1.6884297579486867
1100.5 0.8138281827646552
1101.0 1.1270197794486285
1101.5 2.4270806541631544
1102.0 1.0456478931534103
1102.5 0.8414196594182499
1103.0 1.2245432074376947
1103.5 0.695721999165116
1104.0 0.6120874962781655
1104.5 0.3278311519389837
1105.0 1.348191483013637
1105.5 0.576938314829521
1106.0 0.9031536671355523
1106.5 1.2558758914314772
1107.0 1.0230545642559434
1107.5 0.9476095044857409
1108.0 0.9949562485840395
1108.5 0.6324165739744076
1109.0 1.463430647085005
1109.5 0.35488393981720867
1110.0 0.6056675874244799
1110.5 0.6836845144635624
1111.0 1.4514599887814188
1111.5 0.7949872739011339
1112.0 1.284164399216071
1112.5 0.9154778354978669
1113.0 1.0864542978402048
1113.5 0.7225357242180778
1114.0 1.0397638047903475
1114.5 0.7731009934674038
1115.0 0.9630211932795943
1115.5 0.6582997282134336
1116.0 1.3316944561345947
1116.5 2.1083250558196425
1117.0 0.9364921923430664
1117.5 0.7471281069017812
1118.0 1.0436581093595982
1118.5 0.8020190563775129
1119.0 0.7980243567852419
1119.5 1.1621649166925423
1120.0 0.990621409896084
1120.5 1.0881205371325167
1121.0 1.4230470946677092
1121.5 0.949391361902723
1122.0 0.877634526723498
1122.5 0.7247999512162403
1123.0 0.7259726320490681
1123.5 0.8794193662870926
1124.0 0.7822248961515577
1124.5 0.8473504737684292
1125.0 0.5786359508163228
1125.5 0.2
1126.0 0.7584571631981313
1126.5 2.010970391465136
1127.0 0.7164340208491529
1127.5 1.640507562824459
1128.0 1.0327058405205451
1128.5 0.7162866261493566
1129.0 0.5777965969285863
1129.5 1.3093834051375666
1130.0 1.4315208422802495
1130.5 0.6619910738052837
1131.0 1.1119549044560033
1131.5 1.1357723670368212
1132.0 1.2308033985792186
1132.5 1.0080717270408313
1133.0 0.7812245658549415
1133.5 2.2819541906418777
1134.0 1.6556864615817313
1134.5 0.5482973568514564
1135.0 1.417009918532693
1135.5 1.1280691562629497
1136.0 1.6577406793287501
1136.5 0.9233008849132465
1137.0 1.0820536107107481
1137.5 0.9699508957719462
1138.0 1.4643698262448068
1138.5 0.9477890148721112
1139.0 1.1231860689312958
1139.5 0.49919961313406835
1140.0 1.402481093975875
1140.5 0.7050569133562675
1141.0 0.7878155003129308
1141.5 0.6604308479218874
1142.0 0.7847357968567275
1142.5 0.766015338414467
1143.0 0.7277566346063193
1143.5 1.1236685466906065
1144.0 0.7175819298826901
1144.5 1.2870316923655307
1145.0 0.7139132246323601
1145.5 1.1585772651067918
1146.0 0.9027358038888496
1146.5 0.6996221642366042
1147.0 0.44472951362435953
1147.5 1.6874305812264043
1148.0 1.0485940645801473
1148.5 2.555567862206478
1149.0 1.4941776889609972
1149.5 0.6170827128955751
1150.0 0.40862338830611655
1150.5 1.028519907873445
1151.0 0.6608522110552307
1151.5 0.4742496662599964
1152.0 2.80099170227004
1152.5 0.9741693329725656
1153.0 0.8650965462075678
1153.5 0.33281794371142126
1154.0 0.48247226155567735
1154.5 0.24255251388573418
1155.0 0.8755490745456612
1155.5 1.3233374287239674
1156.0 0.5540420214163954
1156.5 1.0819056810646956
1157.0 1.159187458334121
1157.5 1.466464105739825
1158.0 1.384026761499308
1158.5 1.1114086024454761
1159.0 0.5659940949792595
1159.5 1.7566416305863761
1160.0 0.7554853592283926
1160.5 1.320320362844186
1161.0 1.246057662489486
1161.5 0.7198291327824259
1162.0 0.5993433232145436
1162.5 0.8712717671538133
1163.0 0.6080393414170486
1163.5 0.6629273326529432
1164.0 1.2230583361712126
1164.5 0.8958751428068517
1165.0 1.8084408419386242
1165.5 1.225601057814894
1166.0 1.1358753353978166
1166.5 0.9534802526844798
1167.0 0.8005091844004442
1167.5 1.4239938736290596
1168.0 0.9608794829720732
1168.5 0.8092073414191436
1169.0 0.9355551829473818
1169.5 0.9624910693612876
1170.0 1.4400068387448774
1170.5 1.3443767689826043
1171.0 0.7229240122597425
1171.5 1.1391841489965207
1172.0 0.9184811133714198
1172.5 1.1677957687510698
1173.0 1.2346646642155967
1173.5 0.672299290993386
1174.0 1.0821682735847644
1174.5 0.7806615651156885
1175.0 0.6268992531031333
1175.5 0.8084650811732107
1176.0 0.9858670169037417
1176.5 0.588195850164662
1177.0 0.9141804410072152
1177.5 1.4170960200891516
1178.0 1.6074778993059495
1178.5 0.5834393683375557
1179.0 1.0321546580980363
1179.5 1.2824318391149199
1180.0 0.7351342733690625
1180.5 0.7409030555461261
1181.0 0.9336411184626954
1181.5 0.6251390903209186
1182.0 1.3563874124449795
1182.5 1.0476708100240137
1183.0 1.3146585951021637
1183.5 1.8771060695535433
1184.0 1.2790085394464896
1184.5 0.7622586801478504
1185.0 0.9767580357292968
1185.5 1.183087817727714
1186.0 0.7187149094719297
1186.5 0.7522424836236825
1187.0 1.5734142789289711
1187.5 1.0327036961821654
1188.0 0.7077358193505441
1188.5 1.061361718286741
1189.0 0.9010118644624602
1189.5 0.8325909170621029
1190.0 1.4539199702694958
1190.5 1.216432524774797
1191.0 1.2293847287711952
1191.5 0.9187922675402332
1192.0 0.9412755657544715
1192.5 0.6511865425441541
1193.0 1.4883523153211002
1193.5 0.9997137683966703
1194.0 0.7041765556288255
1194.5 0.630071935669081
1195.0 1.982498055797132
1195.5 1.227788398650294
1196.0 0.7696629461330209
1196.5 1.7030917045033749
1197.0 0.9395359855369453
1197.5 0.6528454901536545
1198.0 0.5177555266427828
1198.5 1.1842404613080186
1199.0 1.0733154435306693
1199.5 1.0548074841818331
1200.0 1.099221179287528
1200.5 0.9699622786914814
1201.0 1.217514060715018
1201.5 0.8531523794748939
1202.0 1.248017086720163
1202.5 0.45237817601576796
1203.0 0.6121046836589619
1203.5 1.1121498144571271
1204.0 1.2798435511895507
1204.5 1.659087919181947
1205.0 1.5861998375999962
1205.5 1.9617794265347612
1206.0 0.8627773210655009
1206.5 0.7791910409164857
1207.0 1.02387027499999
1207.5 0.46421215494603496
1208.0 1.2176349097575685
1208.5 0.5648730254565247
1209.0 1.0819408474904626
1209.5 0.9722261353431166
1210.0 0.6444620659854299
1210.5 0.8679675817024394
1211.0 1.0848028906981961
1211.5 0.8717087293195148
1212.0 1.0813177487115953
1212.5 0.8166895673224099
1213.0 1.1344450833480741
1213.5 1.2026022663993543
1214.0 0.7286568485371018
1214.5 0.9312716662789015
1215.0 1.0770769095960215
1215.5 1.133549051678842
1216.0 0.6807722279865507
1216.5 1.2009251617720254
1217.0 0.6697058162732203
1217.5 0.9561026733729525
1218.0 1.2556980827886983
1218.5 0.9786195841488726
1219.0 0.921625008300288
1219.5 1.8948038827458777
1220.0 1.3579458814172685
1220.5 0.9722132883957968
1221.0 0.8921574956835236
1221.5 1.1136828475237266
1222.0 0.9460022806608563
1222.5 1.6377141835336162
1223.0 0.8911876970970225
1223.5 1.0936243181743839
1224.0 0.8176390524740795
1224.5 1.026113107207102
1225.0 1.0245184209233948
1225.5 0.606576181900408
1226.0 1.0213815057764242
1226.5 1.4101344077744256
1227.0 2.0488446755310212
1227.5 0.9983862762246614
1228.0 0.7070472868736919
1228.5 0.7488020959947808
1229.0 0.9529965993218774
1229.5 0.2
1230.0 0.7605171502201052
1230.5 1.146749297455651
1231.0 0.6809541214596349
1231.5 0.6375367415226472
1232.0 1.3099701668646437
1232.5 0.6195283701743237
1233.0 0.6660783688517955
1233.5 1.2468164416853305
1234.0 1.6931215985714627
1234.5 1.1313360142731796
1235.0 0.9292864516753687
1235.5 0.41324492645740574
1236.0 0.8719083020828876
1236.5 1.2460203559265781
1237.0 0.6445792371439274
1237.5 1.1624786552182416
1238.0 0.9453489221144347
1238.5 0.3060148906402054
1239.0 0.5847106397836569
1239.5 1.3283764757889667
1240.0 2.2433558189414984
1240.5 1.6556172934500697
1241.0 1.1324753632855993
1241.5 0.8824374663779333
1242.0 1.1131011969445284
1242.5 2.0784822358106148
1243.0 1.5786683788918898
1243.5 1.182248491317627
1244.0 1.1675469684292277
1244.5 1.4490045271929737
1245.0 0.5612369580124048
1245.5 0.9053922238167272
1246.0 1.2293651834107107
1246.5 1.2908204346134657
1247.0 1.3228217689357842
1247.5 1.191964784496416
1248.0 1.091061394304793
1248.5 1.2631533710686138
1249.0 1.1830451652635814
1249.5 1.2216934948819556
1250.0 1.2925998080843129
1250.5 1.9866278791755878
1251.0 1.052722804666029
1251.5 0.6620357076820274
1252.0 0.5957020612367593
1252.5 1.4925439219739634
1253.0 1.1106482044728208
1253.5 0.7643265463647149
1254.0 1.184254220720658
1254.5 0.7863711566294904
1255.0 0.6731614564059223
1255.5 1.1039652081399187
1256.0 1.3175399262386063
1256.5 0.9480250465550693
1257.0 0.49311016707061994
1257.5 0.9667901894448744
1258.0 0.5715816538688225
1258.5 0.6756159043217007
1259.0 1.2100047014089945
1259.5 1.5035597160161887
1260.0 1.1621736011067527
1260.5 1.2919275279143925
1261.0 0.9191709160138254
1261.5 1.121320471727727
1262.0 1.5373708953207372
1262.5 0.9232862182783586
1263.0 0.7577601261662625
1263.5 0.8746905160506281
1264.0 1.0071798799267018
1264.5 0.6229612020632809
1265.0 0.739741699301845
1265.5 0.5543046778624533
1266.0 0.6604920524664766
1266.5 0.6134480068804732
1267.0 1.1028962567338008
1267.5 1.3211072392117078
1268.0 1.1788088158771215
1268.5 1.4343375945469723
1269.0 1.5781052388555223
1269.5 0.9572190687371376
1270.0 0.9707396611848239
1270.5 0.7639450986084282
1271.0 1.212290955683602
1271.5 0.8490263035928212
1272.0 1.5712560493987218
1272.5 1.697682251639821
1273.0 0.7605971196065309
1273.5 1.0243246461974032
1274.0 0.7578957771297978
1274.5 0.43392102270476474
1275.0 1.2241584217303663
1275.5 0.6572231857334091
1276.0 1.0349674567451335
1276.5 0.34017431396356174
1277.0 1.2222510701991114
1277.5 0.9352983880558333
1278.0 1.1287192534294879
1278.5 0.7732894126700003
1279.0 0.6658648877299931
1279.5 0.967824316453111
1280.0 1.116194674988789
1280.5 0.6501657002948187
1281.0 2.1084461133403134
1281.5 0.9169474285748604
1282.0 0.7286893287495311
1282.5 1.091137203485241
1283.0 0.6067967962231675
1283.5 1.2571169753007259
1284.0 0.8787313712881132
1284.5 1.4553468899139945
1285.0 1.3028825787590481
1285.5 1.0986061835062644
1286.0 0.7945732824938652
1286.5 0.7133424563943573
1287.0 0.9736796341028418
1287.5 0.9506424961222877
1288.0 1.2411842817046996
1288.5 0.7231695659470239
1289.0 0.9942501644678841
1289.5 0.792120071636322
1290.0 0.887527748855144
1290.5 0.7575419777414611
1291.0 0.9237859789553448
1291.5 0.5548317073711361
1292.0 0.48712497400442273
1292.5 0.9531792427971465
1293.0 1.00005870665408
1293.5 1.6137527417261759
1294.0 0.9870252791705707
1294.5 1.1138440443129034
1295.0 0.7884598288240334
1295.5 0.8745967178919668
1296.0 1.9638068744092947
1296.5 0.9109663814417557
1297.0 0.8043984293253957
1297.5 0.6837110643761193
1298.0 0.8946891733767439
1298.5 1.6808386004538516
1299.0 1.5597695053120346
1299.5 0.7768106653482433
1300.0 0.7040573988889075
1300.5 0.7666673044303134
1301.0 0.9126430606511472
1301.5 2.0030871501450567
1302.0 1.098243088537175
1302.5 0.7246441319598262
1303.0 0.8078470065387667
1303.5 1.039475311538618
1304.0 0.7695023302467741
1304.5 1.084163744182781
1305.0 0.7568753682600413
1305.5 1.5741045591616056
1306.0 1.1040734581049914
1306.5 1.052976003630884
1307.0 1.0846571180898144
1307.5 1.3528235166872373
1308.0 1.2612997935453896
1308.5 0.6441234986194336
1309.0 0.7425772926440329
1309.5 0.5473798331488167
1310.0 1.8743313027284167
1310.5 0.8069696515042267
1311.0 1.3797041571269286
1311.5 1.2339815350493717
1312.0 0.726337026827558
1312.5 0.6309346983520882
1313.0 1.3879161218523626
1313.5 1.1953058827864065
1314.0 1.5377195408739728
1314.5 1.1085474508233264
1315.0 1.2883079544244411
1315.5 1.2782111678139572
1316.0 0.6491389206595091
1316.5 0.709440361081964
1317.0 1.7197355295983483
1317.5 1.0329309884700626
1318.0 1.002500904971334
1318.5 0.7725812026559447
1319.0 0.8218521451423084
1319.5 0.6563157763273857
1320.0 0.6250338028963813
1320.5 0.8864323162262271
1321.0 0.8353492171013045
1321.5 1.4870695363745052
1322.0 1.150777293312138
1322.5 0.8336452553885242
1323.0 0.4582992596096238
1323.5 0.8655424903989513
1324.0 0.7792181181317377
1324.5 0.7619211207345222
1325.0 1.6014026684684963
1325.5 1.2679559116409442
1326.0 0.8377117412611503
1326.5 1.0497392887387362
1327.0 0.711141164475061
1327.5 1.0388342224677982
1328.0 0.8242790268984478
1328.5 1.2912642583196572
1329.0 0.5182552183362445
1329.5 0.8428945011463886
1330.0 0.9486756852759655
1330.5 1.1333365307300034
1331.0 1.044797120631391
1331.5 1.0888325506194798
1332.0 1.240189058260103
1332.5 0.8469504053480339
1333.0 1.1843382314751114
1333.5 1.8524232845079074
1334.0 1.0858416455165905
1334.5 1.0070736694113227
1335.0 0.9527714762153019
1335.5 0.8299392980824596
1336.0 0.6565651735009166
1336.5 0.5373886601704124
1337.0 1.2737521824842235
1337.5 0.7743844401590368
1338.0 0.45943860216149335
1338.5 0.5822683962256164
1339.0 0.7793903278592162
1339.5 1.6606473160316861
1340.0 0.6007117631530035
1340.5 0.9018420484908317
1341.0 1.584792399088792
1341.5 0.7747180509509468
1342.0 0.8730745921452464
1342.5 0.8999120470721952
1343.0 0.7058583801341933
1343.5 0.9260249468935259
1344.0 2.1564697233242778
1344.5 0.2164900574809302
1345.0 1.2128310120351884
1345.5 0.7726708655596844
1346.0 1.2580782451482269
1346.5 0.8546051032052046
1347.0 0.7394186744057489
1347.5 0.818333476433093
1348.0 1.2029042680533157
1348.5 0.8116428717038792
1349.0 0.695619089328281
1349.5 1.3281907185351658
1350.0 0.9516668984067871
1350.5 1.4121485685406663
1351.0 0.8733082456525499
1351.5 0.9281540633534489
1352.0 0.46091472932994904
1352.5 1.0100375226020808
1353.0 1.5182681360454064
1353.5 0.9141531347509089
1354.0 0.5693082573816733
1354.5 0.6766365705046771
1355.0 0.8700885161872439
1355.5 1.9468060266282712
1356.0 0.7807200666846335
1356.5 0.6253829527792636
1357.0 1.0255058259975143
1357.5 0.8972542932740575
1358.0 0.9402029800870357
1358.5 0.8144350561369493
1359.0 1.3269852416521655
1359.5 0.3381529945626911
1360.0 0.8104916521385748
1360.5 0.9687690275901529
1361.0 0.9992367814596229
1361.5 0.9394690734200876
1362.0 1.6544837457502308
1362.5 0.943595050240342
1363.0 1.4290077073336267
1363.5 1.2336213371242675
1364.0 0.9797564773955902
1364.5 1.2983240304938537
1365.0 0.3005539820530385
1365.5 0.872344754327182
1366.0 1.1990022024248366
1366.5 1.606955809937892
1367.0 0.7956972143115068
1367.5 1.195843582815541
1368.0 1.0716299951929344
1368.5 1.3105473770507334
1369.0 1.151078867367636
1369.5 1.5377913611120841
1370.0 0.7903642356925854
1370.5 0.8518184509704135
1371.0 1.283919980849693
1371.5 0.750092288649754
1372.0 0.678542353178082
1372.5 0.9500482393636882
1373.0 0.6439241305784897
1373.5 0.8029061968770872
1374.0 0.8055520540102796
1374.5 1.7331445899427091
1375.0 1.0949133574952055
1375.5 0.7156711488727726
1376.0 0.6267889778285358
1376.5 0.63980813362426
1377.0 0.5713953884422235
1377.5 1.5008917238551578
1378.0 1.388625366095083
1378.5 0.9782387335118066
1379.0 1.44373685388772
1379.5 0.757289093076818
1380.0 1.2139131265840173
1380.5 1.1995981158272122
1381.0 0.8493287084597342
1381.5 0.41260476907209764
1382.0 1.2871876902550832
1382.5 1.5468142126866344
1383.0 0.899093463714667
1383.5 1.0457800443218028
1384.0 0.8103023204113751
1384.5 0.9137186015229536
1385.0 1.293374717999864
1385.5 0.8832564746143837
1386.0 0.948261019106098
1386.5 0.660712422175664
1387.0 1.3937832721642307
1387.5 0.9557416453548971
1388.0 0.5979874622066974
1388.5 1.1050553256842883
1389.0 1.385797954350708
1389.5 1.28591275675132
1390.0 0.5783828813162453
1390.5 0.35261190013799504
1391.0 0.7167448635787941
1391.5 0.9995236794115548
1392.0 0.8768069181169017
1392.5 0.745105576060722
1393.0 0.6340441019320155
1393.5 0.7523606938244254
1394.0 1.3638066986272994
1394.5 0.5544781610864118
1395.0 0.33284712272229056
1395.5 0.7719245768255429
1396.0 0.7872651287285308
1396.5 1.7359996640584878
1397.0 0.7952324169784905
1397.5 1.1498870149955454
1398.0 0.24582659719628996
1398.5 0.6118660480596773
1399.0 1.3146442834255965
1399.5 0.9712479623474968
1400.0 0.8615449917843643
1400.5 0.9809111250010573
1401.0 1.4968277184910614
1401.5 1.0696383772301068
1402.0 0.7240551467720113
1402.5 0.8372578148056858
1403.0 0.9721100253101154
1403.5 1.3207875235574331
1404.0 1.1756578290028687
1404.5 0.9132449077790157
1405.0 1.0668147905934608
1405.5 1.1725061593898123
1406.0 0.7735228263260525
1406.5 1.6030167158216333
1407.0 1.7905830222652659
1407.5 0.7886245931034823
1408.0 0.9786784904033821
1408.5 0.8333047373891181
1409.0 0.9041973605360202
1409.5 0.5270434045049465
1410.0 1.2538216216525164
1410.5 1.0524583731680226
1411.0 0.7468227245587109
1411.5 2.2141697452006603
1412.0 0.8519063944902664
1412.5 0.2
1413.0 1.2629317726005742
1413.5 0.4604084665839149
1414.0 1.1709814745652807
1414.5 1.1437437415999376
1415.0 1.3288313960484928
1415.5 0.9574758692195603
1416.0 0.7427612091551674
1416.5 0.8695528923956245
1417.0 0.688968401176663
1417.5 0.6885372860294952
1418.0 0.6416693636874427
1418.5 1.2552040399239082
1419.0 0.8947073315859067
1419.5 0.46914571115948334
1420.0 0.9758528680920018
1420.5 1.8361055431709756
1421.0 0.244153640855026
1421.5 1.13605889730902
1422.0 0.9146664670344703
1422.5 0.9626622253751959
1423.0 1.0987952571037782
1423.5 0.3158729065964029
1424.0 0.9253985399499395
1424.5 0.7032384824417537
1425.0 0.6808177705585945
1425.5 1.1549875979453188
1426.0 1.0771022096410527
1426.5 0.9644519120524396
1427.0 0.7804969389483725
1427.5 0.6812089571464496
1428.0 0.984969626878051
1428.5 1.847381667589234
1429.0 0.8398425988240088
1429.5 1.1138140195529165
1430.0 1.3121322555980603
1430.5 0.8263229805449118
1431.0 0.9234499961093127
1431.5 1.5135704582176834
1432.0 0.8383559542655883
1432.5 1.29922800825798
1433.0 0.7492522711134587
1433.5 0.5981735276982004
1434.0 1.2472654989812884
1434.5 0.4909715327271663
1435.0 0.6525349380806107
1435.5 1.0539575025840087
1436.0 0.8981388618768006
1436.5 0.656781685800834
1437.0 0.2
1437.5 0.9555154988817528
1438.0 1.2180130060816188
1438.5 0.3447417344009246
1439.0 1.3696865201120882
1439.5 1.6099266229201832
