0 1.5193394274485312
0.5 1.7157308437400198
1.0 0.749035860141236
1.5 0.810467855831132
2.0 0.7683711512310452
2.5 0.765394898580809
3.0 1.1251151160937516
3.5 0.7804962085076872
4.0 0.620363335045478
4.5 1.103811901775029
5.0 0.9767067898988062
5.5 0.8393226993865623
6.0 0.9703535006208549
6.5 0.7288871644257029
7.0 0.8153185058315418
7.5 1.1375481348144705
8.0 1.020142954590576
8.5 0.9921036804294431
9.0 0.42868452781252886
9.5 0.739341285510751
10.0 0.7966060517069712
10.5 0.8602254391427998
11.0 1.2244610484980523
11.5 0.8815491842082883
12.0 1.0401484081112724
12.5 1.5807117668858546
13.0 1.520950674604996
13.5 1.0627285376677598
14.0 0.6275469602950146
14.5 0.7877935508946827
15.0 0.7627778029098757
15.5 0.570388931452942
16.0 0.5936839434827295
16.5 1.3355366531047128
17.0 1.3220034745817064
17.5 0.7740185288173764
18.0 0.5746675627435479
18.5 0.9566617582841177
19.0 1.4002305166274667
19.5 1.4175829514899598
20.0 0.9085971821350639
20.5 1.4853957743261308
21.0 1.4596116706808018
21.5 1.2790696642310393
22.0 0.8067755089845728
22.5 1.0357555122372357
23.0 1.2184418908323218
23.5 1.0601931890258434
24.0 0.7606871876885941
24.5 1.0458137262512244
25.0 1.3505005069245737
25.5 1.0636905758023285
26.0 0.96655013979639
26.5 0.5472133897955003
27.0 0.7789755859245273
27.5 1.8639818017234928
28.0 0.8959390285304535
28.5 1.3781630914203555
29.0 1.1002447176755505
29.5 0.8141031992645821
30.0 0.9896938241638256
30.5 0.9935643196850491
31.0 0.7256866830122051
31.5 1.1686783026411303
32.0 1.308381360287078
32.5 1.0049162560302864
33.0 0.943098771427823
33.5 0.8556684294150894
34.0 0.8602485014912777
34.5 1.1053931007595117
35.0 0.9676998900365671
35.5 1.625026722424376
36.0 0.9634694542133397
36.5 1.105781983885052
37.0 1.3174490109933843
37.5 0.7760282298080445
38.0 1.31387718229337
38.5 1.3408282491212602
39.0 0.7356745772131978
39.5 0.7874883874080955
40.0 2.1350668983633287
40.5 1.599347743375502
41.0 1.4327795929142368
41.5 1.4134511075307437
42.0 0.8756307421356205
42.5 1.7513310217483213
43.0 0.9319022349841366
43.5 1.2662405285117888
44.0 0.9185241768759019
44.5 1.1543050048334795
45.0 0.8769017791050238
45.5 1.6407386604164054
46.0 0.5943839306899696
46.5 1.0522791504849436
47.0 1.256128234007734
47.5 1.0978367633356731
48.0 1.0144859169849099
48.5 1.271097851300291
49.0 1.0470962380020834
49.5 0.9571923371015214
50.0 1.2707787616492303
50.5 1.3788848306673551
51.0 0.6800057215851436
51.5 0.917271364580709
52.0 0.9959545626515895
52.5 1.8915074447102564
53.0 1.5335166521728287
53.5 1.2408772494377727
54.0 0.7158356176501095
54.5 0.7219359028586776
55.0 1.196075312502253
55.5 0.9618486736697347
56.0 0.6016933793186487
56.5 0.9665639227020291
57.0 1.2509484145785361
57.5 1.1386172318702734
58.0 0.7401350734156029
58.5 1.0264711185355866
59.0 1.5869118470557773
59.5 0.9575896541376863
60.0 0.715968591064875
60.5 1.3084946567067524
61.0 1.2682050228054296
61.5 0.5518007953699288
62.0 0.7415752930118389
62.5 0.8024484926262837
63.0 0.6282880188527993
63.5 0.5810253024619924
64.0 0.7107699499611071
64.5 2.0217425433214506
65.0 0.7679479741328511
65.5 1.3307800278235589
66.0 0.836868651534123
66.5 1.2547773742385444
67.0 0.7167842201252175
67.5 0.5423399967996343
68.0 2.224927250075861
68.5 1.1149123962102965
69.0 1.0729721397049867
69.5 0.6857784497318717
70.0 0.9352247532039355
70.5 0.9876303654951112
71.0 1.6894321965475552
71.5 1.100645059230526
72.0 1.3050464707317324
72.5 1.060578561910157
73.0 0.8346407029060814
73.5 0.7048430543237966
74.0 0.7885925005314027
74.5 0.8199972832852688
75.0 1.0692355009727876
75.5 0.7144513337989543
76.0 0.8531315964071385
76.5 1.3271776952370202
77.0 1.3667636048360041
77.5 0.6869424453166086
78.0 1.2567570870585643
78.5 0.8421170751596921
79.0 0.9520850270374785
79.5 1.7070269463828878
80.0 0.834192183966921
80.5 0.9130322951331882
81.0 1.7834455909666738
81.5 0.6890832584020878
82.0 1.1181276153413133
82.5 0.9633827370988441
83.0 0.6889549642480002
83.5 0.6182527033830931
84.0 1.0806686689678568
84.5 0.8615302913138341
85.0 0.6354795988469069
85.5 1.4064779567574728
86.0 0.6931724778237767
86.5 1.1936816269864754
87.0 0.5995965174383819
87.5 0.9133042022873135
88.0 1.157059453321308
88.5 0.6944984698729595
89.0 0.6716610518108705
89.5 0.9104381009444295
90.0 0.9020267679016629
90.5 0.8144601777021927
91.0 0.5174101990183004
91.5 0.7031081898999578
92.0 1.7091440400268625
92.5 1.430267783722107
93.0 0.9276219586614318
93.5 1.1201287047734776
94.0 0.7326803942884135
94.5 1.4872397153006567
95.0 0.9288578054209038
95.5 0.7346421903272702
96.0 0.9360802818969578
96.5 1.1727240426721255
97.0 0.8584146862691462
97.5 0.6565456495741953
98.0 0.549553244817304
98.5 1.4466447296501261
99.0 0.3997562294630065
99.5 0.7658477695548773
100.0 0.7535778412145624
100.5 1.004696976665851
101.0 1.6211821199854692
101.5 0.6230107161928098
102.0 1.1928623816775472
102.5 1.3136706618145002
103.0 0.9429109645834102
103.5 0.8728260435749264
104.0 1.165175983155608
104.5 0.7478264198135482
105.0 1.122578583578818
105.5 1.1051252416435813
106.0 0.785520071799607
106.5 1.4512784097778284
107.0 0.29707897450878007
107.5 1.10550960524123
108.0 0.774891291549334
108.5 0.5350749186633788
109.0 1.42310528577064
109.5 0.9985852258854103
110.0 0.8646457813395096
110.5 0.6280044824987012
111.0 1.5328691017121678
111.5 0.832323493773136
112.0 0.75884497765728
112.5 1.1442317742834724
113.0 0.539625195506862
113.5 1.3321279794133334
114.0 0.6887960091851391
114.5 0.9661439020660872
115.0 0.68342577119529
115.5 1.694113129115173
116.0 0.703300455963768
116.5 0.746556519661126
117.0 0.8762363552235037
117.5 0.8719843630718969
118.0 1.0469591241325975
118.5 1.1869347945690696
119.0 0.5075943497394156
119.5 0.8794574270303224
120.0 1.221736829219989
120.5 0.3120109105775405
121.0 0.6497837551910188
121.5 0.6455844918836303
122.0 0.937761972840209
122.5 1.194714296739721
123.0 1.277356786104198
123.5 1.0628974048624442
124.0 0.7841347547650088
124.5 0.467136424925782
125.0 0.5150112192262134
125.5 1.1859403227613123
126.0 0.42119831210849
126.5 1.2164697176772625
127.0 0.6477058589265927
127.5 0.9249636207907349
128.0 0.739972120551273
128.5 0.8040474723193088
129.0 1.3841427851303334
129.5 1.0267393363773756
130.0 1.5470644827876243
130.5 0.5363131496491479
131.0 0.6320033466750197
131.5 1.4112563491348313
132.0 0.9477072415639153
132.5 0.9459472772176416
133.0 0.9054524928827136
133.5 0.7708586758269367
134.0 0.6837669152645316
134.5 0.7229261142562298
135.0 0.9208315866569169
135.5 0.595563565425392
136.0 0.7477894966730021
136.5 1.616949773610429
137.0 2.0767579777056797
137.5 1.1693672470841316
138.0 0.8767946775813176
138.5 0.7145272929112725
139.0 1.400652955122531
139.5 0.7582546153135079
140.0 1.0250702467476613
140.5 1.382030060400532
141.0 0.8809207706132471
141.5 0.7542194113501914
142.0 0.9068336983016413
142.5 0.961928845478521
143.0 0.7149078495585518
143.5 1.392882999896524
144.0 0.9986456596515672
144.5 0.632541105204657
145.0 0.7627610890458357
145.5 0.8863382533123088
146.0 0.9823398115080114
146.5 1.018943628951329
147.0 2.118640289966344
147.5 1.7660598042097213
148.0 1.354743604696965
148.5 0.9627261945072988
149.0 1.767238463698284
149.5 0.9929195955358657
150.0 1.7243107935019326
150.5 1.255383578477399
151.0 0.7869295071273926
151.5 0.9162063990666968
152.0 0.8445292197526828
152.5 0.5871757395789454
153.0 1.1911376046626967
153.5 0.9017040240309302
154.0 2.288187078548545
154.5 1.259081851111131
155.0 1.0962854761997203
155.5 1.1261499223233387
156.0 1.3907400475059575
156.5 0.8654164560763649
157.0 0.7584870299220978
157.5 1.747923126972113
158.0 1.7971672479932632
158.5 1.25626111635153
159.0 0.8224459707927634
159.5 1.8534069580522345
160.0 1.0878352695333882
160.5 0.7716506505611973
161.0 0.8726788279756739
161.5 0.9310435494197714
162.0 1.1697008378769231
162.5 1.4650568665964483
163.0 0.6981764867694205
163.5 1.0651845019177246
164.0 1.3522226813631568
164.5 0.9173144079424204
165.0 1.4821648360633488
165.5 0.8878424175636784
166.0 0.6050368154498186
166.5 0.887368247420831
167.0 0.9936629054480969
167.5 1.1126873960068442
168.0 0.45628694398225433
168.5 0.9692926477925098
169.0 0.4260724265131538
169.5 1.1490125675331204
170.0 1.38649405530395
170.5 1.6973814888584502
171.0 1.2868662763054188
171.5 1.4913155440773642
172.0 1.30643971490864
172.5 1.3058879440820066
173.0 0.96810416815138
173.5 1.2557568904975274
174.0 0.8584985396873989
174.5 1.4537600808180162
175.0 1.9461587050978078
175.5 0.8341335851997498
176.0 2.2680690056994313
176.5 1.0090239557427694
177.0 1.3504728753495971
177.5 0.9185401623675961
178.0 1.6219275965139461
178.5 2.0846992128234665
179.0 1.0259174048168673
179.5 0.569800301255444
180.0 0.4842254370429718
180.5 1.132067844232402
181.0 1.1525043592959086
181.5 1.2286769570219032
182.0 1.2651407270739075
182.5 0.8880136797671654
183.0 1.0094144780368919
183.5 1.3058782776122433
184.0 1.4523547402363701
184.5 0.7246920484933048
185.0 2.359874887686994
185.5 1.1051040584073708
186.0 1.5409576613007587
186.5 0.9016033959384282
187.0 1.5709800090983816
187.5 0.8274016549708789
188.0 0.8301154184369655
188.5 0.6187049826872586
189.0 0.8180827765834785
189.5 0.5008897772674678
190.0 1.226374331599228
190.5 0.758335090440615
191.0 1.3742025577891526
191.5 0.8015667056717779
192.0 0.9232592712035127
192.5 0.4764572764042401
193.0 1.955092061810313
193.5 0.889642305821981
194.0 0.695735912875196
194.5 0.7408973666615999
195.0 0.6680608487424524
195.5 1.278660130120683
196.0 0.8843349556276654
196.5 1.2952820456638907
197.0 0.7002343442282917
197.5 0.716396598941541
198.0 0.964476718963394
198.5 1.2839780246333716
199.0 1.3210628287176767
199.5 1.3872342062409522
200.0 0.8020148586289755
200.5 1.082981270682616
201.0 0.8742556136130706
201.5 1.2703155752202488
202.0 0.523863942455451
202.5 1.4275410187901403
203.0 0.9481595264750482
203.5 1.0094944948866296
204.0 1.047862023738108
204.5 1.8311857413077957
205.0 0.7330063090838783
205.5 0.9316638658886386
206.0 1.2266019145920337
206.5 0.2
207.0 0.20241167362546342
207.5 0.9710748667399732
208.0 1.589484673975773
208.5 1.3029006633278595
209.0 0.9785400860130761
209.5 0.784192934870475
210.0 0.8058573134273913
210.5 0.8770741121692867
211.0 0.8428506783096354
211.5 0.7704548061886014
212.0 0.7767360769770115
212.5 1.2443905158504731
213.0 0.7061860740246196
213.5 0.786781631500722
214.0 0.691201412183804
214.5 1.0805389577602835
215.0 1.0271949382149668
215.5 0.648441670994013
216.0 1.3307250056482995
216.5 1.2237734785674774
217.0 1.0164395944833169
217.5 0.6544216915814243
218.0 1.1917997522947654
218.5 0.828073987084692
219.0 0.2
219.5 0.8622436623693488
220.0 0.8540045648245701
220.5 1.1760605316746129
221.0 1.8327240598834238
221.5 0.4244047049714199
222.0 0.7351873362147332
222.5 0.695276164082463
223.0 1.1974570275772116
223.5 0.985049032965892
224.0 0.6727017239432747
224.5 0.8652972657562665
225.0 0.6832520292424467
225.5 1.241344975158714
226.0 0.9447362829131818
226.5 0.987242830036882
227.0 0.5907323658909721
227.5 1.2836827040151282
228.0 0.7099979350549145
228.5 0.7553808893509704
229.0 1.0468083086955473
229.5 1.60552539469119
230.0 0.6135364304742383
230.5 0.6824343868000342
231.0 0.922733275573885
231.5 1.4119191233895336
232.0 0.896418067901451
232.5 0.8950807432526613
233.0 1.1756196157061416
233.5 0.9795342410246204
234.0 0.8346822521422061
234.5 1.0304444757575437
235.0 0.8544792591363454
235.5 0.42581365002478144
236.0 0.6563835072930959
236.5 0.7100063135318282
237.0 1.0955624797925663
237.5 0.7775134909849162
238.0 0.7821296802966928
238.5 1.0751893479648396
239.0 0.952598097106109
239.5 0.8244303532034446
240.0 1.5615705930818264
240.5 0.6770127234543566
241.0 0.5158783896904505
241.5 0.9994541310761975
242.0 0.7483746802113324
242.5 0.9074972314682637
243.0 0.9774036319209873
243.5 0.9503685959026572
244.0 0.7303452396602006
244.5 1.1648633108007145
245.0 1.1660254645876371
245.5 0.6398828882293306
246.0 1.3984638819573654
246.5 0.7934944073079531
247.0 0.6342584018600123
247.5 1.1750638974914391
248.0 1.0530874381984754
248.5 0.6200476764528491
249.0 1.2177751306433002
249.5 1.548080120495884
250.0 0.9296213242661037
250.5 1.0429933584476112
251.0 0.7064651485160656
251.5 0.9395559771280837
252.0 1.4575048789585041
252.5 1.3418407878145175
253.0 0.9691902846778543
253.5 0.8632806693648193
254.0 0.708641605499079
254.5 1.0820737096225912
255.0 1.3712122490524583
255.5 0.7457405756982296
256.0 0.7239159591092339
256.5 1.4516224020228905
257.0 0.6810396068097438
257.5 0.6521673115857973
258.0 0.6695113267639674
258.5 0.9327170082294246
259.0 0.7602844104916906
259.5 0.7394529998626076
260.0 1.2950188796136475
260.5 1.3690851218782172
261.0 0.29146552337179077
261.5 1.1974889548568277
262.0 1.1761363598867187
262.5 1.3163929271487413
263.0 1.2961450251715494
263.5 1.5946208809007087
264.0 0.8735725322586273
264.5 1.2883571496246748
265.0 0.6729004918882004
265.5 0.6293527583810501
266.0 1.1493907631687477
266.5 1.4945512839869008
267.0 0.7625321086141837
267.5 1.042153343922252
268.0 1.2469667234213344
268.5 1.3874688528507892
269.0 1.0489249515283752
269.5 0.7118580043596525
270.0 0.7126106209990468
270.5 1.0008993633660954
271.0 0.4117734110078066
271.5 1.1297535655908493
272.0 0.8689358251024144
272.5 0.8119500074195849
273.0 1.1406623256793447
273.5 1.2692299531483509
274.0 1.253086564150311
274.5 1.2297446393702232
275.0 1.1851750554255234
275.5 0.7015637637517776
276.0 0.7072768339879772
276.5 0.7273974690427911
277.0 0.8370988988807911
277.5 1.484339629091994
278.0 0.8161394369330334
278.5 1.2468843302250643
279.0 0.4358791627115049
279.5 0.2
280.0 1.7989847980209666
280.5 1.1392758497386262
281.0 0.9941701640658949
281.5 0.5535843665291307
282.0 0.22852275421602175
282.5 0.9210869548590972
283.0 0.8994014365520658
283.5 0.604305701265909
284.0 0.6595023400443087
284.5 1.0480910287753675
285.0 0.6930334313297841
285.5 0.6813000895604642
286.0 0.6529426930544693
286.5 0.9989747394752713
287.0 0.8394639365924788
287.5 0.8905272521244475
288.0 1.4705544744468444
288.5 0.6616583444586475
289.0 1.0767113964756883
289.5 1.1167628600519202
290.0 0.5688198552629367
290.5 0.7909732463704088
291.0 0.6586486977000341
291.5 0.829298487987802
292.0 0.4649546536955905
292.5 0.2
293.0 1.3676584103446388
293.5 1.2294129714723983
294.0 1.229367197539704
294.5 1.7933169733068675
295.0 1.3832436008238682
295.5 1.0816639068280316
296.0 0.6892229156402421
296.5 1.2546095117877352
297.0 1.436816161932723
297.5 1.2834959228604466
298.0 1.1017453052838104
298.5 1.8896687400625205
299.0 0.801320221675208
299.5 1.8589997402816856
300.0 0.867713359468093
300.5 0.7298851596288969
301.0 1.1072076921717486
301.5 1.2429371580612267
302.0 0.8606003580613897
302.5 0.9134594480329015
303.0 0.7999615632644772
303.5 0.8040030406787967
304.0 0.8048801637344322
304.5 0.7073439263810011
305.0 0.48874996417972777
305.5 0.7417878675779742
306.0 0.46862261301049646
306.5 0.8890865808766796
307.0 1.2205921812668759
307.5 0.4685492267775855
308.0 0.9455854817343091
308.5 1.3606840341304234
309.0 1.6838762973097405
309.5 1.0196257383875715
310.0 1.4475586176314454
310.5 1.3537569935439184
311.0 1.4964033305652453
311.5 0.7886463960115836
312.0 1.520974545123561
312.5 0.6161989604972311
313.0 0.8900624683624336
313.5 0.8582628727240196
314.0 0.6105623706588186
314.5 0.8759821602048233
315.0 0.8797248934632573
315.5 0.7956989033983869
316.0 1.0484951959589677
316.5 1.2627844880343728
317.0 1.5565528268001705
317.5 1.045327609174035
318.0 0.6151552235120032
318.5 0.8570191216547122
319.0 1.0483919293682296
319.5 1.3002798411510823
320.0 0.898126347897284
320.5 0.9787916654586623
321.0 1.010646104491983
321.5 0.6039082568347103
322.0 0.6277355237864879
322.5 0.977490871715824
323.0 1.036179717590357
323.5 0.839933358358611
324.0 0.3517602154463011
324.5 1.1493004144444596
325.0 0.8654233417617759
325.5 1.2053359096711005
326.0 1.2418859397261324
326.5 0.8864134716255709
327.0 1.3853585401314787
327.5 0.8687237215367924
328.0 0.9925530186777752
328.5 0.7799398900512994
329.0 0.7032121181303981
329.5 1.4972894033469881
330.0 1.6042316596939603
330.5 0.9794277544244535
331.0 1.1823364581966023
331.5 2.217175129169443
332.0 0.30242989445887336
332.5 0.6600091650536477
333.0 1.125966858917943
333.5 1.5813645491400692
334.0 1.7435303721778936
334.5 0.21626335928517182
335.0 1.7313785914874358
335.5 1.131129648619274
336.0 1.515125196307661
336.5 1.691272464987179
337.0 1.6730696491598525
337.5 1.4955240363788092
338.0 0.8949063366508467
338.5 1.1424421903228745
339.0 1.2907334761616824
339.5 0.7219479583264613
340.0 2.0086678226122445
340.5 0.22666463113333024
341.0 0.984425252669634
341.5 0.703257678386214
342.0 0.9396097667740173
342.5 0.4320834028229188
343.0 0.8597185951858584
343.5 0.5018801070311807
344.0 1.226824840853641
344.5 0.3560755404942259
345.0 0.63846051423224
345.5 0.9042576714389774
346.0 1.2197940381431713
346.5 0.6346817768949933
347.0 0.31385699527550814
347.5 0.39048027023809495
348.0 0.9513308387103969
348.5 0.842185486575888
349.0 0.9392167909581093
349.5 1.2870364860899683
350.0 1.0292205567698227
350.5 0.8880348077155776
351.0 0.7679197018234616
351.5 1.0418887559687757
352.0 0.9056256072752489
352.5 0.7645663413253848
353.0 0.580072636214741
353.5 0.9179991413175604
354.0 1.322443038363669
354.5 0.7575697645979045
355.0 0.7162421246095562
355.5 0.4282452200052991
356.0 1.005798694578032
356.5 0.8091887488300056
357.0 0.7544699650445852
357.5 1.3028308723255906
358.0 0.8316632235390442
358.5 0.9820736483109163
359.0 0.8327259297590706
359.5 1.1000474978840074
360.0 0.7781876774716787
360.5 0.6540560680734941
361.0 1.3186754941865075
361.5 1.1493705305481368
362.0 0.8804416200574625
362.5 0.9686947866992166
363.0 1.58898247606878
363.5 0.8142025212213221
364.0 1.2378097824564138
364.5 0.7638590700646898
365.0 0.505497488780058
365.5 0.9217930599142199
366.0 0.6582209566948344
366.5 0.7866715182559567
367.0 0.7743712557458808
367.5 1.2646418516735478
368.0 1.0294564361783203
368.5 1.0052805686262523
369.0 0.9021658016051066
369.5 0.5788882969120734
370.0 0.709842683848407
370.5 0.39247445284078536
371.0 1.110046296932417
371.5 1.2010755288055008
372.0 0.9067670649052404
372.5 0.8580985856947579
373.0 0.7661073654364297
373.5 0.6284063246361331
374.0 1.3038886679392188
374.5 1.098190946641045
375.0 0.5749958974945913
375.5 0.8478107712734495
376.0 1.759089563633553
376.5 0.622461562113443
377.0 0.7225697837272478
377.5 1.5130034365360046
378.0 2.1515403186958344
378.5 0.8043810287005824
379.0 0.9117113004727174
379.5 0.850594047677647
380.0 0.9359408104893774
380.5 1.4266217180193652
381.0 0.8444975513711243
381.5 0.38721648457490143
382.0 0.4560930357010504
382.5 1.5649233367931616
383.0 1.1717576135544603
383.5 1.2703378321223315
384.0 0.930681509678692
384.5 1.2498319239039142
385.0 1.270666846269441
385.5 1.360896326011249
386.0 0.4328281391468968
386.5 0.9668755849787899
387.0 0.9340529171120926
387.5 0.668442470929384
388.0 0.8447576073752684
388.5 1.0023012288663984
389.0 0.6571389852910028
389.5 0.8565066531177058
390.0 1.0068191669973299
390.5 1.6193210900128088
391.0 0.9230052072259816
391.5 0.9214313064956382
392.0 1.138767564722878
392.5 0.9567714533334485
393.0 1.524973536460192
393.5 0.8403389377686943
394.0 0.9328914408889396
394.5 0.811641097960298
395.0 1.6406194470665856
395.5 1.5570217841822798
396.0 1.2972462851277182
396.5 0.8595540966654592
397.0 0.8966938634111736
397.5 0.983945225151705
398.0 1.387028786782004
398.5 1.0629783214913737
399.0 0.6783870122438
399.5 0.8187355901634306
400.0 1.1344998162331525
400.5 1.6279874666770402
401.0 2.234549662268142
401.5 1.3169560574537007
402.0 0.7375136123159068
402.5 0.7420887578873705
403.0 1.5083341372421164
403.5 1.2834038773689143
404.0 1.0868337556072634
404.5 1.0572680134663917
405.0 1.5022971051883345
405.5 0.2756424871402894
406.0 0.5022295650020374
406.5 0.679908615033763
407.0 0.7079831999351491
407.5 0.6518262596333844
408.0 0.9099002916830925
408.5 0.4840649544784611
409.0 0.5681383758781342
409.5 0.5746482741087232
410.0 0.7771714832021321
410.5 1.5304824232995586
411.0 0.7885215447572194
411.5 0.6597959540829116
412.0 0.6663292163023383
412.5 1.0225627595096114
413.0 0.6777047001670433
413.5 1.047037448502107
414.0 0.6534342289987278
414.5 0.9044402109184901
415.0 0.9897892917055762
415.5 1.3528546929285237
416.0 1.1133175175041907
416.5 1.0726549599130655
417.0 1.3092753184605894
417.5 0.6275155456154322
418.0 1.1132167973044877
418.5 1.6142808098657682
419.0 0.4542863258042725
419.5 0.9238601873845687
420.0 0.7978552446645091
420.5 0.6702858523646533
421.0 0.8315644044385606
421.5 0.941544947076093
422.0 1.0059927255431886
422.5 0.9392569118556919
423.0 1.2933542048454103
423.5 0.4253505752429406
424.0 0.8280979870308979
424.5 1.1121367542681613
425.0 0.5737288204992956
425.5 1.049858324618177
426.0 0.8558742250998981
426.5 0.829633116734721
427.0 0.7415505298890456
427.5 0.86738206110111
428.0 0.6130752314100395
428.5 0.9576000733804595
429.0 1.7570557600499996
429.5 0.831538423628648
430.0 1.9665735839860132
430.5 0.8744304824319732
431.0 0.8985966870018419
431.5 1.3449240111546548
432.0 1.2319849986833606
432.5 0.39351205374482123
433.0 0.8978776136439179
433.5 0.8663056230781978
434.0 0.6412395864555646
434.5 0.5610816545373513
435.0 0.6617542706920432
435.5 0.5961132110496784
436.0 1.349919645007489
436.5 0.7243103618987324
437.0 0.6874132244195907
437.5 0.9022834128125625
438.0 0.7440221252556676
438.5 0.8202810765321376
439.0 0.9905145414462009
439.5 0.6175289775446091
440.0 1.6836758647705623
440.5 1.1142831109908222
441.0 1.500870229162477
441.5 0.8439073913111074
442.0 1.3243559292271665
442.5 1.3815486430787416
443.0 0.4892554532052177
443.5 1.3625189456202313
444.0 1.3251482593497754
444.5 1.7452608861732277
445.0 1.0135541080050818
445.5 1.006073159260653
446.0 2.6713535221253726
446.5 1.1242977663887972
447.0 0.8247834346405801
447.5 0.5353553016431692
448.0 0.6883041549521471
448.5 0.6592920599308517
449.0 0.6569759628654515
449.5 1.1526545545215146
450.0 0.8745700019113216
450.5 1.390747551125116
451.0 0.5687080692167955
451.5 0.9701922763458767
452.0 0.7225462876957373
452.5 0.9331302757479711
453.0 0.7911700270570704
453.5 1.1074206844356231
454.0 0.844565309362938
454.5 0.8457150552348898
455.0 0.9200717197782908
455.5 0.9836568091223061
456.0 1.282987777639181
456.5 2.1217733798960907
457.0 0.7637898170530804
457.5 1.2812292716177431
458.0 0.9788613361368479
458.5 1.9633322232436794
459.0 1.074698471901304
459.5 1.4691423198060698
460.0 0.9808850915595669
460.5 0.5742733441617374
461.0 0.7306590667975617
461.5 0.8171268263402238
462.0 0.2
462.5 1.6922117627929918
463.0 1.3484360268373905
463.5 1.3296861848982846
464.0 0.9536430065866539
464.5 0.8975240100924434
465.0 1.669084345805639
465.5 0.9842922272603115
466.0 0.9255516074973787
466.5 1.4579759628902607
467.0 0.9609446927444841
467.5 1.5663490755152947
468.0 0.7776623072105551
468.5 0.7764066252614119
469.0 0.9808880253299577
469.5 0.8117971240627927
470.0 1.79230802026435
470.5 0.8894968336512019
471.0 0.9885419786245068
471.5 0.7998080099254974
472.0 0.9918464527442856
472.5 0.9014315156268441
473.0 0.9569818581500773
473.5 1.5439976662529218
474.0 0.8449237908037104
474.5 0.8797204278401006
475.0 1.2617181668321904
475.5 0.753482933512558
476.0 0.5069502489214799
476.5 1.0184584456866745
477.0 0.5300191288369351
477.5 0.7728204675093461
478.0 1.1488560048361527
478.5 1.0352261233095297
479.0 1.115734510113489
479.5 0.5233823556057376
480.0 0.5559402891596751
480.5 1.168331391736332
481.0 0.5221345343531069
481.5 1.156951878703379
482.0 1.014458531004542
482.5 0.7192870860628238
483.0 0.8310812458186174
483.5 0.60968606789188
484.0 0.805031679228966
484.5 0.795519146735558
485.0 0.6194371480780667
485.5 0.873421901653352
486.0 1.274087249196596
486.5 1.7581874635600112
487.0 1.315369344683985
487.5 1.0635729920391936
488.0 0.7769193403429917
488.5 0.8228718948425149
489.0 0.5686357217862421
489.5 0.4798878820455773
490.0 0.9061090824416733
490.5 0.7739540489829059
491.0 0.9104700821420877
491.5 0.5770638995122725
492.0 0.57591969354979
492.5 0.8926697472904052
493.0 1.374994281179543
493.5 0.94893885100451
494.0 1.3039162376147848
494.5 1.3802344278175576
495.0 0.8882705317681068
495.5 0.7231975571108109
496.0 0.8765993970999435
496.5 0.5039672090761698
497.0 0.6003945361375808
497.5 0.7892354467098421
498.0 1.3601949944798486
498.5 0.6335777044534504
499.0 1.1985418615380539
499.5 1.2459882610257702
500.0 1.3297190759827369
500.5 0.847053405193508
501.0 0.979554799872067
501.5 0.6344837634357298
502.0 0.6912388442471205
502.5 1.2557534185583128
503.0 0.6819462073039971
503.5 0.5811908569698646
504.0 1.148124314861081
504.5 0.9367096852779154
505.0 0.6837140291260447
505.5 1.5171912275300778
506.0 1.8651915060521138
506.5 1.085601375624825
507.0 1.6247268604564646
507.5 0.8882982953965619
508.0 1.1380084823361223
508.5 0.7714170409270926
509.0 0.5107542991770372
509.5 1.4950927357005397
510.0 0.7919588859782586
510.5 1.3060099498825197
511.0 0.7550549363670449
511.5 1.8608843253498697
512.0 1.0401751654800662
512.5 0.6413694733846389
513.0 0.7339967469453881
513.5 0.6602917180468573
514.0 1.1992297063359425
514.5 0.6697642231092066
515.0 0.6106493203281724
515.5 0.9116181742006058
516.0 1.1797235517166298
516.5 0.8021270809530527
517.0 0.9474613653888326
517.5 0.6702607677342306
518.0 0.6055994725116531
518.5 1.461779961081815
519.0 1.1274185072692315
519.5 0.48590811499797704
520.0 0.9122480429488028
520.5 0.6759381829336367
521.0 1.5208756710369211
521.5 0.9534627873106442
522.0 0.6480141736436422
522.5 0.9208965501449717
523.0 1.2324506657684902
523.5 0.7730854223445313
524.0 0.6639633746765669
524.5 1.2982678578399662
525.0 0.8278460465586877
525.5 1.8309522900739048
526.0 0.9511421430072814
526.5 0.8242085737250128
527.0 1.880347453954068
527.5 1.2792233912294368
528.0 0.6705479934426524
528.5 0.6359727536852418
529.0 0.9434581743235814
529.5 1.5005462709127753
530.0 0.592406618492898
530.5 1.7355365444827324
531.0 1.0579994383261742
531.5 1.5683099508339184
532.0 1.6590093003303816
532.5 1.2754400123824237
533.0 0.9147281064180871
533.5 1.5745835812296285
534.0 2.074075584590994
534.5 0.5841679631701991
535.0 1.580327248423935
535.5 1.2213756946010683
536.0 0.9322307904864394
536.5 1.538010878403799
537.0 0.731183213949516
537.5 0.7169761982645784
538.0 0.9538995486935613
538.5 0.9666272359298219
539.0 0.8485454198118048
539.5 1.4208800695767156
540.0 1.156456029914471
540.5 1.4802835263772156
541.0 1.2537717202398444
541.5 0.915461463278366
542.0 0.566134604327073
542.5 0.6639697318825861
543.0 1.1862867699057578
543.5 0.2
544.0 1.0514828937025884
544.5 0.7422862279601148
545.0 1.108858522672187
545.5 1.0353379242840774
546.0 1.7447756285371523
546.5 0.7344914576926118
547.0 0.8469108764700595
547.5 0.7378289624872536
548.0 1.0669858988979746
548.5 1.980929066233514
549.0 0.984356064274933
549.5 1.0284137461809695
550.0 0.4574253258995584
550.5 1.1955164766123154
551.0 0.41567028235134446
551.5 0.8573799658216174
552.0 1.3002325524956908
552.5 0.6564162858242226
553.0 1.0251557354660634
553.5 1.3243357802781515
554.0 1.2408801729791952
554.5 0.6176715960573568
555.0 0.8714420900785411
555.5 0.3799160624490577
556.0 0.807989801057158
556.5 1.1703345680347748
557.0 1.717426413619029
557.5 0.9378484985234554
558.0 0.7541631438526724
558.5 0.7857073238891887
559.0 0.5899077089392026
559.5 1.4552475394716373
560.0 0.6042906349125985
560.5 1.1190957612180301
561.0 1.4684145917159515
561.5 0.7351688134843639
562.0 1.090792696455137
562.5 1.4125270700845434
563.0 0.7741451672081607
563.5 1.344694475351548
564.0 0.9475236781429217
564.5 0.8121392334479272
565.0 1.3564695423023476
565.5 0.616729891743039
566.0 0.780335156542663
566.5 0.7626944259554946
567.0 1.6211911267213734
567.5 0.6755325701420012
568.0 1.5203709825283949
568.5 0.9744295683628836
569.0 0.6007789005199696
569.5 0.7575384599109605
570.0 1.1126316214650855
570.5 0.6884186719731277
571.0 1.3366771546177256
571.5 0.7486001171186594
572.0 1.6149609248685022
572.5 1.405068109807659
573.0 0.6582688269392374
573.5 0.8313716449431023
574.0 1.383310203915105
574.5 1.4739925689615778
575.0 0.6573534032123445
575.5 0.6544754763264576
576.0 0.8713688779955168
576.5 0.3776335525548411
577.0 1.3679138781067377
577.5 1.8190422129925112
578.0 0.6327743871587928
578.5 0.7706925390271318
579.0 1.0594390148598536
579.5 1.8961903032124945
580.0 0.9712887977410062
580.5 0.7391922783235736
581.0 0.761335923080267
581.5 0.9355702865742768
582.0 1.4789197010918218
582.5 0.795544364533166
583.0 0.9049543442992541
583.5 0.8777315214135872
584.0 1.4221672224216215
584.5 0.9659262679992401
585.0 0.5036630086319535
585.5 1.0084196045113916
586.0 1.5219777741761389
586.5 1.0801584098009465
587.0 1.8632588987987528
587.5 1.3832069759035983
588.0 0.5225592490819909
588.5 1.3281268452360337
589.0 0.8197213004007682
589.5 0.9598373355449634
590.0 0.435770512649595
590.5 0.6883387725089267
591.0 0.6632354754306666
591.5 1.4074192195830881
592.0 1.1059663052539612
592.5 0.9366745345595772
593.0 0.9390709366909785
593.5 1.0760017593962612
594.0 1.1050327510412772
594.5 1.2688299981495996
595.0 0.9978389957903183
595.5 0.9350076261719351
596.0 1.027889258238487
596.5 1.2360532627280376
597.0 1.725039675967404
597.5 1.2066210209041208
598.0 1.5538772282219375
598.5 0.7975451369288054
599.0 0.962045389805525
599.5 0.9882116246608421
600.0 1.7696986994587594
600.5 0.8701463234040016
601.0 1.0367985146439747
601.5 1.165604652557117
602.0 1.0697115328423794
602.5 1.2038067333638867
603.0 0.6254037966633802
603.5 1.4409088687324356
604.0 1.010969256868345
604.5 1.0847447413239037
605.0 1.1537933350427219
605.5 2.279163915403642
606.0 0.6776552079683001
606.5 0.4662358039357224
607.0 0.9987469855251105
607.5 1.0020260084763373
608.0 0.6482613127070525
608.5 1.0774855694432688
609.0 1.025420422481229
609.5 1.4263311383682855
610.0 1.4321527991247285
610.5 1.0513822404511217
611.0 1.007240461812044
611.5 0.6786130727990064
612.0 0.7165877041889077
612.5 1.3898752171414452
613.0 0.9558790760195764
613.5 1.7194452316603541
614.0 1.0572357088641882
614.5 1.404340200586816
615.0 1.2788335631202206
615.5 0.8148124719810902
616.0 0.8210102219541193
616.5 1.3731949017015521
617.0 1.399874572573668
617.5 1.1927963277614182
618.0 0.792439968519267
618.5 0.9601825939460068
619.0 1.664439625189249
619.5 0.7151118964855954
620.0 1.6380170384727117
620.5 1.3977967947037246
621.0 0.846193252504261
621.5 0.8688978777101575
622.0 0.9154644861606406
622.5 0.8430543599406741
623.0 0.7649657919395774
623.5 1.298823632393375
624.0 0.5640245236713335
624.5 0.6372633910527852
625.0 0.7876499990159747
625.5 0.7573887228035767
626.0 1.626269614630842
626.5 0.821765255264688
627.0 1.1148406081880013
627.5 1.2938962289077767
628.0 1.1216261759502864
628.5 1.2252137828293224
629.0 0.6229334568415217
629.5 1.3771410252641263
630.0 0.9257081616867068
630.5 0.9081614807984265
631.0 0.8950034882289284
631.5 1.5969061962243662
632.0 0.7500139773910173
632.5 0.9300563794565685
633.0 1.195133589203425
633.5 0.8387519869311943
634.0 0.867174125709438
634.5 1.0422731378356125
635.0 0.8356915439467263
635.5 0.7268277416156792
636.0 0.7423162234936033
636.5 0.7369820897237923
637.0 0.49659198333623594
637.5 1.246315209975287
638.0 1.1341288631868243
638.5 0.47725657259897314
639.0 0.6168514628634786
639.5 2.0050788096414487
640.0 1.102471159774196
640.5 1.3147790592320203
641.0 0.9797415793354578
641.5 1.2477249591139352
642.0 0.4865224569578498
642.5 1.98747003220238
643.0 1.0280338677396132
643.5 0.6581978145547926
644.0 1.547901408598698
644.5 0.7919685315142388
645.0 0.6923912597011772
645.5 0.7305472771897881
646.0 0.6797559587593296
646.5 1.4766405349043494
647.0 1.445774962108802
647.5 0.8783037391823696
648.0 1.297534187922205
648.5 0.7532817783451449
649.0 0.5118618048666048
649.5 1.038650624771699
650.0 1.0381891034372677
650.5 0.5248493365797354
651.0 0.6560595826647555
651.5 1.3391081913624632
652.0 0.9948303275531711
652.5 0.3219769969364481
653.0 0.4309193140772772
653.5 1.1054105290684535
654.0 0.7656738707115617
654.5 0.8159777794510888
655.0 1.6412931777081874
655.5 0.9379801458032955
656.0 1.225041409926976
656.5 1.1373541244900387
657.0 0.6480869993980225
657.5 1.1719378762107775
658.0 1.2364141259481198
658.5 1.1006113994421125
659.0 1.4094411888598093
659.5 0.8984937833146892
660.0 1.45500383018767
660.5 1.040235341625846
661.0 0.9726510445737839
661.5 1.117920092935853
662.0 0.9505962974748094
662.5 0.5130892207800667
663.0 1.0758925717655734
663.5 0.2
664.0 0.8227623775807954
664.5 0.9132381001228875
665.0 0.9643224825448715
665.5 1.2748770407509213
666.0 0.65774762861097
666.5 0.6204693078014042
667.0 0.9044580722630268
667.5 0.8503409693778163
668.0 1.0397311223291321
668.5 0.9354439194017861
669.0 2.0378564024506134
669.5 1.3677609344182868
670.0 1.093456526715163
670.5 0.5999958486399145
671.0 0.8082824964018259
671.5 0.7983953245768752
672.0 0.837947049514701
672.5 0.7638902754871564
673.0 1.3412719049302941
673.5 0.4868123989164228
674.0 1.4279845409513667
674.5 0.9154914455548219
675.0 0.6411496635723297
675.5 0.8082700128586061
676.0 0.6964280492125254
676.5 0.8968793626260709
677.0 0.8651357017819429
677.5 0.6906536415410149
678.0 0.5816690626336759
678.5 0.5911788345318704
679.0 0.629339304866846
679.5 1.7348458925510069
680.0 0.49416311909700716
680.5 1.2960928394351852
681.0 0.5871829528556511
681.5 0.6841087405722119
682.0 1.0040633152038372
682.5 0.7372877340255617
683.0 0.6716392894394945
683.5 0.7271962983192269
684.0 1.0193996018179554
684.5 0.3056854626865171
685.0 1.0899425161449983
685.5 0.9021372608607494
686.0 1.9818318652610123
686.5 0.885360871133529
687.0 0.9214958880727697
687.5 1.333997486486076
688.0 0.7864680499266784
688.5 0.886309394625032
689.0 1.4268076981528366
689.5 0.849203873132905
690.0 0.8851479147606003
690.5 1.423986174051954
691.0 0.5398413478686945
691.5 0.5224920227030183
692.0 0.6927096928239929
692.5 0.7558820565019964
693.0 0.9283970802103706
693.5 0.801498245499501
694.0 1.1503755326443632
694.5 1.4450584028367146
695.0 0.8608314004712793
695.5 0.6341986006743867
696.0 1.410392267333636
696.5 0.7874470267925705
697.0 0.559888095565352
697.5 0.956813305268831
698.0 0.8893744381282038
698.5 0.7165372988587901
699.0 1.1363432854414088
699.5 0.8998547965839178
700.0 0.7178762579745334
700.5 1.5235989067799118
701.0 0.8015397790342703
701.5 0.7253590898765713
702.0 0.8792785090682751
702.5 0.807304970320957
703.0 2.197571864960967
703.5 1.8872555087467004
704.0 0.9113244886196687
704.5 0.6899458399111822
705.0 1.0791677622706612
705.5 1.1886839677331358
706.0 0.9161143961892383
706.5 0.7509552229238499
707.0 0.6556384546688674
707.5 0.6245520191591699
708.0 1.2599155462385183
708.5 0.9994731671242437
709.0 1.2160022734044738
709.5 0.809234990254138
710.0 0.8891982191303965
710.5 0.7783695945142595
711.0 1.7330961133923575
711.5 1.2176902595240904
712.0 0.8264920248028567
712.5 1.1583753686103009
713.0 1.0891070130588156
713.5 0.9177210164131702
714.0 0.6896932172023147
714.5 1.2512382984088948
715.0 0.8193708412550192
715.5 0.6382090939780797
716.0 1.043262372608301
716.5 0.9710391875499622
717.0 0.875392740860897
717.5 1.1210785693741379
718.0 0.5879375335929915
718.5 1.248505272899279
719.0 1.3831093430343315
719.5 1.0571583267679854
720.0 0.7740837377265228
720.5 0.616722663788632
721.0 0.8976903138604525
721.5 1.122461836375861
722.0 1.455451509271299
722.5 0.9236368738597769
723.0 0.73935870203702
723.5 1.4273031588736615
724.0 1.6130870700207218
724.5 1.3815226224436614
725.0 0.6808703093741205
725.5 0.7918474515293422
726.0 0.8671243549152183
726.5 1.4770872672526911
727.0 0.6464394487684847
727.5 1.7374877802993889
728.0 1.6465715483269578
728.5 0.9484859942920841
729.0 0.4697853725425005
729.5 1.2413620837075103
730.0 0.6736056526359893
730.5 1.0036175007570658
731.0 0.7463125596601763
731.5 0.8861754253862435
732.0 0.6542433595206656
732.5 0.8383832072855855
733.0 0.6369272880396568
733.5 0.9241656511152817
734.0 1.1304142102980568
734.5 1.0199962234403084
735.0 0.7740934731201312
735.5 1.0977697929943275
736.0 0.931035878506131
736.5 1.0858160802457824
737.0 0.8582858419005818
737.5 0.6194583902539574
738.0 0.424785911959369
738.5 0.8691137567269693
739.0 0.5044712647800629
739.5 1.4135014937648047
740.0 0.9925827585367138
740.5 1.7544178664456092
741.0 1.3874001621147538
741.5 1.0170840236101977
742.0 1.9376854572338362
742.5 0.72420781637877
743.0 1.4473035123611218
743.5 0.8054420807092728
744.0 0.4284625108024568
744.5 1.0928653774343142
745.0 1.201863827809276
745.5 0.947214083613754
746.0 0.7539183821968656
746.5 0.8280942605922617
747.0 0.6993569377374438
747.5 1.3477891810034799
748.0 1.3260743544666915
748.5 1.231384133130201
749.0 0.907599432890638
749.5 0.5826940137088349
750.0 0.676132827772016
750.5 1.1059089504601245
751.0 0.7385174384507738
751.5 0.6359479379756012
752.0 0.9928447975242206
752.5 0.9135567538511981
753.0 0.9673826983291052
753.5 0.7012075322748421
754.0 1.60170456869748
754.5 0.794920394519195
755.0 0.7565521177166359
755.5 0.6588788755908086
756.0 0.576500621057719
756.5 0.6978208321084152
757.0 1.9566602003731535
757.5 1.1017196570604306
758.0 0.7354030747634203
758.5 1.1239468647254198
759.0 0.7670048454775241
759.5 0.7205560481848321
760.0 0.8301867499086242
760.5 1.0312632756671563
761.0 0.7004769374175496
761.5 1.4388048178359858
762.0 1.1707456634619038
762.5 0.4299368837814074
763.0 1.114161201817841
763.5 0.7568417637717277
764.0 1.2754019854403147
764.5 0.8619053286605096
765.0 0.3352260901190598
765.5 0.6730307419347573
766.0 0.6277971610605678
766.5 1.259379100994326
767.0 0.9129953895501479
767.5 1.2794787724965206
768.0 1.0237572076303545
768.5 0.7303424871403916
769.0 1.2986618011071567
769.5 1.160631409514043
770.0 1.1816689393564168
770.5 0.9152083800205609
771.0 1.1867147867900179
771.5 1.1957571528374604
772.0 0.8421461903034344
772.5 1.0614392338763063
773.0 1.0070065250413793
773.5 0.4750639086168978
774.0 0.7204830084327913
774.5 0.7310053054839796
775.0 1.518469402170516
775.5 1.0027127709936843
776.0 1.2728108297257665
776.5 1.1235972215112657
777.0 1.0749710881211272
777.5 0.5306801131020373
778.0 0.8347384246925618
778.5 1.4322286208888002
779.0 0.7412011018300478
779.5 1.285114432916842
780.0 0.9443417964580479
780.5 1.3189070627835067
781.0 0.6224474531750943
781.5 1.4109459402597717
782.0 0.7462287516325941
782.5 0.7420589809769442
783.0 1.7622705130845358
783.5 0.8242564269000674
784.0 0.5191770601554397
784.5 1.0072756012955515
785.0 0.9897378201059739
785.5 1.1023445163715282
786.0 1.0612933955417732
786.5 1.047391388376512
787.0 1.2387252394573136
787.5 1.0952414272380684
788.0 1.0743987963476405
788.5 0.2
789.0 1.126161625712365
789.5 0.3403799273253433
790.0 1.5096586643307268
790.5 1.5525479661026602
791.0 1.4577104188523826
791.5 1.3358683834569063
792.0 0.6144971393149357
792.5 0.9985371760344024
793.0 1.4682955423486201
793.5 1.7857306887750863
794.0 1.4701698191941297
794.5 1.7879191717170926
795.0 0.5462560108638117
795.5 0.9347140411249311
796.0 0.5825237236326395
796.5 0.7035983799551389
797.0 0.7599355963779542
797.5 0.9194854383810663
798.0 0.7798822241838763
798.5 1.0605912082421312
799.0 0.8360684724128483
799.5 1.0637302207901032
800.0 0.8838790870236839
800.5 0.5928073305288563
801.0 1.1734354174907167
801.5 0.8716250440000699
802.0 1.0548560500706525
802.5 0.8256170945506196
803.0 1.3934832084917492
803.5 1.3462126074363039
804.0 1.4451544653497728
804.5 1.255023590274687
805.0 1.0454732145835657
805.5 0.4380123488722134
806.0 0.7919149052390889
806.5 2.185375649477815
807.0 0.77604026044693
807.5 0.5387311778516866
808.0 0.8077146272809592
808.5 0.870635303707979
809.0 0.7531932921557674
809.5 0.4606607782150678
810.0 0.9261745855217689
810.5 0.616185132257406
811.0 0.6751451565406328
811.5 0.9042672796984779
812.0 0.7451164105908273
812.5 1.3327304068624324
813.0 1.125215798214196
813.5 0.846079223169428
814.0 0.7538386976211101
814.5 0.5432532197243828
815.0 0.940871611125448
815.5 1.3705726486448633
816.0 0.6266597808454848
816.5 1.1272601965091713
817.0 1.4903752217911226
817.5 1.4340611756632766
818.0 1.0318042907330132
818.5 0.666492802694306
819.0 0.8871391946271147
819.5 0.6580279605784792
820.0 0.9916432171731643
820.5 0.41504422557765597
821.0 0.9155352400351384
821.5 0.8267509587179902
822.0 1.0019681317820988
822.5 1.0911226894601427
823.0 0.6631829713465006
823.5 0.2
824.0 1.2454187561103378
824.5 1.6725398960285855
825.0 1.4972430293895314
825.5 1.4926404429862266
826.0 0.933624074685678
826.5 0.9020242573324908
827.0 0.7154895989142602
827.5 0.5013992893816023
828.0 0.7012908326211222
828.5 0.5346447008643112
829.0 1.0426685331794172
829.5 0.8804996941567654
830.0 1.0433321694877515
830.5 0.9860014882104579
831.0 1.5572811102844952
831.5 0.9872467990585844
832.0 0.8827564591993529
832.5 1.9637514344678162
833.0 0.6612190549947884
833.5 0.7553133498040323
834.0 1.062562734281073
834.5 0.6864955526967147
835.0 0.9474607502254301
835.5 0.7511772814546076
836.0 0.9735062633321178
836.5 1.11580204835764
837.0 0.7351999184748044
837.5 0.7486410302275793
838.0 0.9126632919868994
838.5 0.8454129775193338
839.0 0.5672720243006073
839.5 0.6931957221262603
840.0 1.2906923848792782
840.5 0.6245457247413242
841.0 1.6913913678490844
841.5 0.9243845056361861
842.0 0.6253115850108919
842.5 0.9403281760379287
843.0 1.167145603041673
843.5 0.9569212302239326
844.0 1.4056565898988542
844.5 1.6474001885935232
845.0 1.16292528983374
845.5 0.7026882496382275
846.0 0.6375925506205604
846.5 1.3707160193007715
847.0 1.1003187253024276
847.5 1.5840190432664447
848.0 0.7103089139599624
848.5 0.669892790741464
849.0 0.8742036874630432
849.5 1.1296132090442446
850.0 0.42074078830510314
850.5 1.4647301477491244
851.0 0.46676890227180623
851.5 0.659136362693295
852.0 0.9737906060197831
852.5 1.171599919286691
853.0 0.9482278086337899
853.5 1.2176419882931964
854.0 0.7670404008489389
854.5 1.0154253843902779
855.0 0.9801471650066714
855.5 0.7922831755495002
856.0 0.5334274512631638
856.5 0.5876462045512993
857.0 1.0693248933131558
857.5 0.8914671586004853
858.0 1.092390452679753
858.5 0.6132325479318383
859.0 0.9315417604587786
859.5 1.9830859328243107
860.0 1.4242764789640254
860.5 0.6603599986482115
861.0 0.40342120932404846
861.5 0.728566775754357
862.0 1.182685914659438
862.5 0.6885663064081939
863.0 1.4158588443817925
863.5 0.9529424148862573
864.0 0.9696267559069996
864.5 0.7708821978216582
865.0 1.6617922977181006
865.5 0.4586416587562311
866.0 1.793268279977947
866.5 0.5967891270695748
867.0 0.8786048277956487
867.5 0.45731632538246114
868.0 1.5503941466843107
868.5 0.49682927014175887
869.0 0.9651238814165485
869.5 1.323548411404032
870.0 0.5715214738510019
870.5 1.393271488186219
871.0 1.218973931916387
871.5 1.080102970671191
872.0 0.6317931738948674
872.5 0.8463065007962182
873.0 1.44044757567683
873.5 0.9371475461204194
874.0 0.6207906440817587
874.5 0.7489479504608914
875.0 1.0919559445068059
875.5 1.6483899946274971
876.0 1.952370382370519
876.5 0.871130783545265
877.0 2.0175858946793372
877.5 0.8854097812063866
878.0 1.1648286161399097
878.5 0.9221937400677296
879.0 0.9936513935924302
879.5 1.62039564821813
880.0 0.6016246240388219
880.5 1.324642528338654
881.0 0.8209283491767996
881.5 0.7979949810697284
882.0 0.6860159831056547
882.5 0.9746363533754154
883.0 1.3618189660021864
883.5 1.2274897346145743
884.0 1.2003105736744284
884.5 1.6258343364171135
885.0 1.129995553286422
885.5 0.7662347957834752
886.0 0.7667463176365431
886.5 1.1939750610524702
887.0 1.1426919158539919
887.5 0.7054159441239316
888.0 1.447211925230015
888.5 1.1947588035570473
889.0 0.5984881055680041
889.5 0.6745496838060885
890.0 0.8366626565932327
890.5 0.7842513684542741
891.0 0.7900424879245209
891.5 1.01214185168155
892.0 0.9326975722356807
892.5 1.4113029522976643
893.0 1.0021811620600345
893.5 0.6148305199263961
894.0 0.9016345569854631
894.5 1.2202752617338666
895.0 1.3487974224348414
895.5 0.7408523943134964
896.0 1.4095622784183783
896.5 1.5442987619379624
897.0 0.6095529575839939
897.5 1.1890302285983008
898.0 1.3924563928625977
898.5 0.9772076450924658
899.0 0.7437159048508708
899.5 0.8857097747286006
900.0 1.4821145063933876
900.5 0.8963433812203134
901.0 0.8266932379424282
901.5 0.8366813679080513
902.0 0.5690109886296666
902.5 0.9266269708078465
903.0 0.7076256159787659
903.5 1.116907191423145
904.0 0.6098979282302617
904.5 0.805644677345088
905.0 0.7842034343081349
905.5 1.2256354951716697
906.0 1.3094437997812403
906.5 0.7080227046998505
907.0 1.110469339651533
907.5 0.5604867128860233
908.0 1.3643575196715623
908.5 1.4520155782547726
909.0 1.4658417074789627
909.5 0.6527339053477481
910.0 1.5041982742625737
910.5 1.0122971840605672
911.0 0.9209580656808717
911.5 1.2730771198122846
912.0 0.6469985867011356
912.5 0.708778813981033
913.0 1.5933262293372423
913.5 1.3793920410011107
914.0 0.936135273506278
914.5 1.4620031130070412
915.0 1.3351162354110189
915.5 1.0906326078047157
916.0 0.7798384596614982
916.5 0.9642251968958089
917.0 1.4655148368982447
917.5 0.6873664800608779
918.0 0.7979038084590024
918.5 1.1424933605649874
919.0 0.7018035873039312
919.5 1.1694783621206435
920.0 0.9994936212611997
920.5 1.2716758678329283
921.0 1.01077736301826
921.5 1.1849441740360591
922.0 1.3618115373394408
922.5 0.9063930485130614
923.0 0.9900804456485373
923.5 1.1278068129392056
924.0 0.6572471847136646
924.5 0.7727345922774755
925.0 1.1919223409833135
925.5 1.0507685600824548
926.0 0.6239036534964599
926.5 1.2153334057810232
927.0 0.46508075893865464
927.5 0.7648195276348422
928.0 0.8122741959777633
928.5 1.1069787081450215
929.0 0.7526902230771227
929.5 0.8385906520306194
930.0 1.0793520377359236
930.5 0.7990691337296985
931.0 0.969418465312634
931.5 0.5376844336300564
932.0 0.7617908547530763
932.5 0.7441676748709973
933.0 0.677106284262067
933.5 1.2127301582536887
934.0 0.665191057121717
934.5 0.8978684870451621
935.0 0.539627011256131
935.5 0.6034533437096778
936.0 1.995028724464786
936.5 0.5449087913159704
937.0 1.683993282010701
937.5 0.9779242699966598
938.0 1.182005486213484
938.5 0.7482002014255618
939.0 0.6979141403685806
939.5 0.8266497936709037
940.0 1.2065509213696402
940.5 1.0936969520756192
941.0 1.4933097731174163
941.5 0.8893206699077001
942.0 0.5343365328390578
942.5 0.8931008971713585
943.0 0.9151012842281081
943.5 0.7254516527596988
944.0 1.3888097223605005
944.5 1.7940836130517188
945.0 1.3399180667572037
945.5 0.8585660277564067
946.0 1.0160235441152399
946.5 0.7867795799760072
947.0 0.7367383790856904
947.5 0.8903129041969721
948.0 0.5458423713895697
948.5 1.3548599124918854
949.0 1.1794027010077284
949.5 0.6191398005473775
950.0 0.6092958101390128
950.5 0.8714552546560924
951.0 1.81104859041019
951.5 1.0614700008624673
952.0 0.5558674350699803
952.5 1.8211000116998801
953.0 1.1307131098005252
953.5 1.380471610061726
954.0 1.8200617286233314
954.5 0.9745725261871055
955.0 0.6583247357240563
955.5 0.5325805963685535
956.0 1.02060799189025
956.5 0.9099289403200672
957.0 1.2296097452398267
957.5 1.1800622883924436
958.0 0.9107282628048585
958.5 1.9043718790682953
959.0 0.8699840411880642
959.5 1.818713406271673
960.0 1.8735507822473831
960.5 0.8675559473033405
961.0 0.7864349823065968
961.5 0.6375948760763018
962.0 1.7170410022401552
962.5 0.731295866206618
963.0 1.4639558822861547
963.5 1.323776160531838
964.0 0.9552914417740844
964.5 1.1697746029266651
965.0 0.576106915092946
965.5 1.4701815397101272
966.0 1.285261938942222
966.5 1.0925901066685313
967.0 0.6642227577788884
967.5 0.6552186414118015
968.0 0.6820793267171346
968.5 0.9107770503988681
969.0 0.6273502596436378
969.5 0.7157958985833959
970.0 0.9458879233764321
970.5 1.5748319351877833
971.0 1.416265179416845
971.5 0.9445050495378006
972.0 0.8405670966352767
972.5 1.4087684466219232
973.0 0.9939257692986689
973.5 1.3329548087436116
974.0 0.9679420257196503
974.5 1.0265416329228643
975.0 0.5915156174570013
975.5 1.1486410599040537
976.0 0.9172063315828561
976.5 1.1219392351800004
977.0 1.0721533668363268
977.5 1.184346356584439
978.0 1.439020082257032
978.5 0.8426531146566768
979.0 0.6640964766866237
979.5 0.6941723234289205
980.0 1.3502733949755146
980.5 0.7748256458622199
981.0 1.9344644610408368
981.5 2.2762709730080872
982.0 0.7551669726640993
982.5 1.0031075259571556
983.0 1.916330684941828
983.5 1.3070698626787003
984.0 1.3690073947253936
984.5 0.7103301427932034
985.0 0.763383003962024
985.5 0.6518327871835342
986.0 1.057127389372112
986.5 1.492785105126396
987.0 0.8835313152236768
987.5 1.6080017449116766
988.0 0.9536732802843663
988.5 1.2871590432039808
989.0 0.892916816726925
989.5 0.6197106169077887
990.0 1.7014737162509839
990.5 1.2572442401317439
991.0 1.0126506904836283
991.5 0.9439049202595021
992.0 0.8346276060411434
992.5 0.9739719605368591
993.0 0.9621988195575576
993.5 1.2441245438235211
994.0 1.7657536039737547
994.5 1.9864353930075116
995.0 1.1153417390744815
995.5 1.0922941726891113
996.0 0.5348690235785243
996.5 1.0335751733712872
997.0 2.105106003118197
997.5 0.9608854806184085
998.0 1.5062186436599956
998.5 0.8751330402444881
999.0 1.2048979619481242
999.5 0.5778628744372243
1000.0 0.4517630123659495
1000.5 0.9692359195144584
1001.0 0.6947951205852869
1001.5 0.7785019848283292
1002.0 0.8051262396013033
1002.5 0.8091198382300454
1003.0 1.203352071396183
1003.5 0.737966825744502
1004.0 1.4320172117255103
1004.5 1.0689381209958548
1005.0 0.9422594291372766
1005.5 1.1866447733962326
1006.0 1.3315229272036042
1006.5 1.2122049965783686
1007.0 0.8190670536457367
1007.5 0.6937521481190781
1008.0 1.0260298742384477
1008.5 0.8536622465013313
1009.0 0.6700701096296451
1009.5 1.089775195720122
1010.0 0.7987438513492091
1010.5 0.9309925222207357
1011.0 1.6327290207355987
1011.5 0.8726829182651313
1012.0 0.9706085238841959
1012.5 0.9616715356427359
1013.0 1.5743056931527968
1013.5 0.6590271570746006
1014.0 1.6792481911439352
1014.5 0.9845189921788341
1015.0 1.1653022917825506
1015.5 1.186299760865492
1016.0 1.182651790467311
1016.5 0.9898186539841818
1017.0 1.1248681900071111
1017.5 0.7330598529987373
1018.0 1.0001422803786948
1018.5 0.876823464911723
1019.0 0.42739407045131883
1019.5 1.1029997018027629
1020.0 0.5865303444084209
1020.5 1.4962027950998151
1021.0 0.8054576600707603
1021.5 0.7179444577934688
1022.0 1.8016975429322644
1022.5 1.3465936914707162
1023.0 1.3477336849204766
1023.5 0.48824760501626463
1024.0 1.1571636879978058
1024.5 0.8876419744065616
1025.0 1.2350109699848626
1025.5 1.3306925792832782
1026.0 1.0845063766232523
1026.5 0.8400706495570525
1027.0 0.9558178776364893
1027.5 0.7700785819744056
1028.0 0.8421111586463537
1028.5 1.4959709988811443
1029.0 1.0313582288102725
1029.5 0.886981371323426
1030.0 1.7528575725842401
1030.5 1.2594142688880086
1031.0 1.1992350590971197
1031.5 0.7561901540733156
1032.0 1.5087890594352813
1032.5 1.3959032313555153
1033.0 0.734781752674687
1033.5 0.9291936041962044
1034.0 0.47332510549385765
1034.5 0.9867214070049704
1035.0 0.865532557023736
1035.5 0.9310407074201538
1036.0 0.7828569597119481
1036.5 1.4215099204231847
1037.0 0.8006818377537805
1037.5 1.5370750125489576
1038.0 2.027421677188546
1038.5 0.7183628170120717
1039.0 0.8315929758685994
1039.5 0.8509124629127032
1040.0 1.4074542647987824
1040.5 1.0311805541157262
1041.0 1.7060705694023617
1041.5 1.160848401427208
1042.0 1.1392429040563559
1042.5 0.9209571364027699
1043.0 0.44866190711971954
1043.5 0.8328171054835997
1044.0 0.9249350277961385
1044.5 0.5968050997548271
1045.0 0.9402094606195801
1045.5 1.113768601222286
1046.0 0.782937002696728
1046.5 0.9531128726518687
1047.0 0.9948095395247968
1047.5 0.8037525580996385
1048.0 1.3249785334194208
1048.5 1.3105657384131595
1049.0 1.686191580751514
1049.5 0.9649636678205016
1050.0 1.3662611959350763
1050.5 0.8845125442877093
1051.0 1.0693679114730172
1051.5 1.222547016991284
1052.0 1.0397093153789383
1052.5 1.3504819462794129
1053.0 1.1429433743236976
1053.5 2.0292190748933137
1054.0 0.6899896938759571
1054.5 0.8373384396386168
1055.0 1.4806996594132555
1055.5 0.8005895873979568
1056.0 0.9001005357265316
1056.5 0.8889629777257955
1057.0 1.054256849459883
1057.5 1.23522386439801
1058.0 0.6788454701549655
1058.5 0.7361498054361899
1059.0 0.3113561065856921
1059.5 1.1673447500844647
1060.0 1.7289149487697344
1060.5 0.8539675490031434
1061.0 1.5482902094917477
1061.5 0.5506297793294164
1062.0 1.6551285981373174
1062.5 1.2052115000147814
1063.0 1.044608520296583
1063.5 0.42977381142629667
1064.0 1.0294374117646268
1064.5 1.4910706199510884
1065.0 1.4390208966489668
1065.5 0.5516950525555029
1066.0 1.1910836626523587
1066.5 1.2592557491959036
1067.0 1.0353410827795322
1067.5 0.9363507718196487
1068.0 1.1120526374162614
1068.5 1.4264711159139654
1069.0 1.0552232069169762
1069.5 1.7735156893851638
1070.0 0.5443730040689796
1070.5 0.9043066451751768
1071.0 1.6293206884271925
1071.5 0.7822731038834958
1072.0 1.151396097188662
1072.5 1.3775072038125673
1073.0 0.9795434773584801
1073.5 0.5972148075893532
1074.0 1.0774038078389487
1074.5 1.742312352089713
1075.0 1.6897917885820872
1075.5 0.8138786313520866
1076.0 0.9465005647548893
1076.5 1.101926440658351
1077.0 1.1528008401938816
1077.5 2.4683851824293557
1078.0 0.9476359510457157
1078.5 0.9010757861763975
1079.0 1.1177142893345997
1079.5 1.4382184557367272
1080.0 1.070311321569069
1080.5 0.9050689257397769
1081.0 1.797492925329482
1081.5 0.6503145573463096
1082.0 0.4540065046513868
1082.5 0.2
1083.0 0.7426300374464524
1083.5 0.6045148292288406
1084.0 1.188790060398993
1084.5 0.809181682840684
1085.0 1.012411234575501
1085.5 0.7271114661294855
1086.0 1.1551577731261748
1086.5 0.948964483139698
1087.0 1.3526052313193433
1087.5 1.0071676199802129
1088.0 1.1944953762506665
1088.5 0.8897467563189276
1089.0 0.4275309638210908
1089.5 0.5078212341367423
1090.0 1.1548180300536537
1090.5 1.2333900467297902
1091.0 0.9462051908810373
1091.5 1.0381791121356898
1092.0 0.5455790343856914
1092.5 0.7151616481219547
1093.0 1.1399065618222342
1093.5 0.5469577446641335
1094.0 1.1127395873686279
1094.5 0.9377048470313053
1095.0 1.22263940269203
1095.5 0.6441282866107645
1096.0 1.1548971165271265
1096.5 0.26077062883787616
1097.0 1.4222597727873683
1097.5 0.6853286581944472
1098.0 0.8475012164337729
1098.5 0.717755088521991
1099.0 0.78370027164478
1099.5 1.0946265458354023
1100.0 1.4168391943284946
1100.5 0.9863350894287863
1101.0 1.1985549542131269
1101.5 1.2155276202837255
1102.0 1.0696640877134884
1102.5 0.7635121178421436
1103.0 0.5165970595203304
1103.5 0.5218675228494212
1104.0 1.2522749543887572
1104.5 1.07047228578692
1105.0 1.083625809676882
1105.5 1.0617142191907072
1106.0 0.6718678218956688
1106.5 1.20073164962128
1107.0 1.2281584990849441
1107.5 1.7619071268444424
1108.0 0.9857380994451549
1108.5 0.8310151948088744
1109.0 0.8047591627631512
1109.5 0.9933435227022739
1110.0 1.2601479033797847
1110.5 1.1950677216865062
1111.0 0.7659116958763545
1111.5 1.2232239523093615
1112.0 1.0763690366746297
1112.5 1.4747518468114085
1113.0 1.6157560475048953
1113.5 0.8638313852107192
1114.0 1.5048367428800673
1114.5 1.4402826237524935
1115.0 0.26227308007395833
1115.5 0.8570423086062895
1116.0 0.8409610526823682
1116.5 0.8912026956682448
1117.0 0.6627367134650808
1117.5 0.5820454854732132
1118.0 1.4271296014634487
1118.5 1.3534555616567427
1119.0 1.0920221408534387
1119.5 0.8601550984140099
1120.0 0.5660144717446589
1120.5 0.637699560657205
1121.0 0.5515945405303049
1121.5 0.7980540481054733
1122.0 0.5656790969034476
1122.5 0.8320485333555454
1123.0 0.8064808261520763
1123.5 0.7576095882470306
1124.0 0.6679583151270965
1124.5 0.8928160435709371
1125.0 0.9520716856140865
1125.5 1.3167761934145927
1126.0 0.8560631344236328
1126.5 1.4614573759576936
1127.0 0.8442103668023686
1127.5 1.3389775663738313
1128.0 1.4168137437768555
1128.5 0.9399554224667751
1129.0 1.232567376094647
1129.5 0.8944724780491966
1130.0 0.656129896377823
1130.5 1.1571306727077282
1131.0 0.7560577963436766
1131.5 0.513671497061559
1132.0 0.6511626567299332
1132.5 0.7958019970384298
1133.0 1.3232888458833196
1133.5 1.6739884055882297
1134.0 1.2202474146251605
1134.5 1.5532951083802564
1135.0 1.0738833674557007
1135.5 0.6008785313045589
1136.0 1.0102353328667646
1136.5 0.7698557315930121
1137.0 0.9315161546781785
1137.5 1.9247352560880358
1138.0 0.8412014987372349
1138.5 0.8349755087608872
1139.0 0.8197892538768603
1139.5 0.9628965632685019
1140.0 1.4859858432488537
1140.5 0.6810535483980582
1141.0 1.167185480811427
1141.5 1.4974303139780623
1142.0 0.6440951149126235
1142.5 0.8271093986567974
1143.0 1.0298098110389111
1143.5 0.8186120183384384
1144.0 0.5430179260358791
1144.5 0.901289056549645
1145.0 1.2664427030468137
1145.5 0.32327247588262553
1146.0 0.9907274209874526
1146.5 1.4267850215816762
1147.0 0.6661520121125827
1147.5 0.9357695026595113
1148.0 1.1098714999385302
1148.5 1.1327745905069333
1149.0 1.3312995086924624
1149.5 1.6048141228669528
1150.0 0.9411916595423637
1150.5 0.4929725926010057
1151.0 1.799698611001812
1151.5 0.9205710859258479
1152.0 1.1649818267785848
1152.5 1.0552697196954108
1153.0 1.0656049315930205
1153.5 0.6971329051806444
1154.0 1.5055319670961556
1154.5 0.9790021906701739
1155.0 0.8339121143885984
1155.5 1.401534994739193
1156.0 0.8533727863141343
1156.5 0.7386996825921042
1157.0 1.324002912875857
1157.5 0.2846058090002703
1158.0 0.7835506667134505
1158.5 0.9324037814362697
1159.0 0.8193899455499696
1159.5 1.3957061389116858
1160.0 0.3900604799060112
1160.5 0.6729584780475225
1161.0 1.14544096254636
1161.5 0.7228190893742489
1162.0 1.4785116719422025
1162.5 1.152306185698254
1163.0 1.1725288622969559
1163.5 0.6808388471734996
1164.0 2.0622898181891536
1164.5 1.0202389363494309
1165.0 0.7579079487883136
1165.5 1.4687348678284784
1166.0 0.7522117668219183
1166.5 1.4215678395197553
1167.0 1.0512852314567094
1167.5 1.371231975137996
1168.0 0.6301602011288836
1168.5 1.0438978941776602
1169.0 0.9454255969877264
1169.5 0.913142131033316
1170.0 1.23011298035492
1170.5 0.4766854214688989
1171.0 0.8853674628017852
1171.5 0.7803668737383882
1172.0 1.062967475962211
1172.5 0.6661293092793531
1173.0 0.5284338759566413
1173.5 0.6375336808148082
1174.0 0.2
1174.5 0.9247180012669882
1175.0 0.8927628345810006
1175.5 0.6190887900081368
1176.0 1.1548018672790463
1176.5 0.8088184374101115
1177.0 1.155595505825128
1177.5 1.0564266973523833
1178.0 0.994433811644642
1178.5 1.3615934470163185
1179.0 0.6184710170393063
1179.5 1.138809300154287
1180.0 0.774401640563581
1180.5 1.3778491451094559
1181.0 1.4864458192361205
1181.5 1.1246495923214956
1182.0 0.7430272157900384
1182.5 1.6824701772850665
1183.0 0.5274263821609709
1183.5 0.5224222120644045
1184.0 1.47409484354956
1184.5 0.9208334425676868
1185.0 0.7099485242166459
1185.5 1.2935243584337026
1186.0 0.7151374931535026
1186.5 1.2664209184328004
1187.0 0.9123586725279066
1187.5 0.6213370407113474
1188.0 0.815389968444779
1188.5 1.4348532283638051
1189.0 2.0834682965316813
1189.5 0.4044958610573014
1190.0 0.809503772708839
1190.5 0.7198248680602718
1191.0 0.5878874269876366
1191.5 1.6398287420204105
1192.0 0.3892348924036948
1192.5 1.1885535173852513
1193.0 0.8518821063688771
1193.5 1.347710308684137
1194.0 0.7820085119124462
1194.5 1.1134727151685575
1195.0 1.173918324739132
1195.5 0.9307487084759315
1196.0 0.26240479404429995
1196.5 1.5958995095988786
1197.0 0.7742247776580845
1197.5 1.081524083370621
1198.0 1.2750215561120362
1198.5 1.3082211815285163
1199.0 0.7301594487392229
1199.5 0.7799324415500016
1200.0 1.1866321524994876
1200.5 1.3802893035953057
1201.0 1.144428490983004
1201.5 1.1385003297815608
1202.0 1.1780156251167098
1202.5 0.7553293206671405
1203.0 1.1133567236684434
1203.5 0.5590823365199868
1204.0 1.0534709792341286
1204.5 1.0377247648059917
1205.0 1.5026575401869438
1205.5 1.4241263391612344
1206.0 0.770918182338883
1206.5 1.7386864712147
1207.0 0.573905676184772
1207.5 0.7817642254986298
1208.0 1.0613531555093423
1208.5 1.0942889283277781
1209.0 1.1432513630996257
1209.5 0.9572409772435881
1210.0 0.6108277114392175
1210.5 1.010457657008146
1211.0 0.5094510760013271
1211.5 1.017990198001566
1212.0 0.6367460345738777
1212.5 1.831991573801746
1213.0 1.7796279914982076
1213.5 1.1122139335687105
1214.0 1.6468056114210943
1214.5 1.1777912699680302
1215.0 0.7864263521532278
1215.5 0.7614145392379124
1216.0 1.8729025202099665
1216.5 0.6929510161040535
1217.0 0.6335129183686427
1217.5 0.8884476861004565
1218.0 0.8839413352413092
1218.5 0.7682303861189613
1219.0 0.8087838881665311
1219.5 1.0514518026447979
1220.0 1.0045982512640412
1220.5 0.7094975045567454
1221.0 0.7360898586995592
1221.5 0.7555233992208721
1222.0 1.6491540593139922
1222.5 0.9151235294527303
1223.0 0.6475991747295267
1223.5 1.2400057102217104
1224.0 1.0061218536405168
1224.5 1.0122309490479313
1225.0 1.0487986559962845
1225.5 1.282277545891148
1226.0 1.136761144248909
1226.5 0.9750187193889801
1227.0 0.5646136602408076
1227.5 0.7505810699061086
1228.0 0.6438205404139938
1228.5 0.451824424189192
1229.0 0.25183894989453015
1229.5 0.9854864215813741
1230.0 0.7405611345567233
1230.5 1.1341859492247792
1231.0 0.6249362930881288
1231.5 1.0885565815676674
1232.0 1.671900154604545
1232.5 1.1177843060904609
1233.0 0.5747743781885224
1233.5 1.6379205938671086
1234.0 0.8991373891526613
1234.5 0.9970903785510201
1235.0 1.314412608931855
1235.5 1.5605258998594693
1236.0 0.5439254912430949
1236.5 0.5630095705813151
1237.0 1.914880179096977
1237.5 1.3227867098396215
1238.0 0.9069587930647816
1238.5 1.3153669116960676
1239.0 0.7673235449249868
1239.5 1.1033047115423262
1240.0 0.7647296026662717
1240.5 1.327423478763567
1241.0 0.6593078130452218
1241.5 0.6073292016458554
1242.0 1.2880857996378694
1242.5 0.729495902413777
1243.0 1.3252337759369381
1243.5 0.9592917035665771
1244.0 1.1452382834934647
1244.5 0.8029773521808825
1245.0 0.8330291681854136
1245.5 1.386593665600044
1246.0 0.2
1246.5 1.9668444358972241
1247.0 0.27115911919658175
1247.5 0.5671679805886078
1248.0 0.875810071439124
1248.5 0.923948247566835
1249.0 0.8834270609674366
1249.5 0.6406496369768813
1250.0 0.40387546660511586
1250.5 0.9094459767683986
1251.0 1.394560267770082
1251.5 0.9529514586697376
1252.0 0.6657702949200199
1252.5 0.7868846158862428
1253.0 0.8183574174718988
1253.5 1.4901458512565666
1254.0 0.7903317351563043
1254.5 1.2904716866903425
1255.0 1.5819567398288679
1255.5 0.622234007795661
1256.0 0.9903619587206366
1256.5 1.3746550409080465
1257.0 0.5455363691033062
1257.5 0.6384203454654166
1258.0 1.2619623320574067
1258.5 0.76178690900943
1259.0 0.7147729098701114
1259.5 0.8585503428292203
1260.0 1.1473224789895151
1260.5 0.6036762034849847
1261.0 0.7015653106722732
1261.5 0.7969953368097606
1262.0 1.4452664613398816
1262.5 1.1818804357919115
1263.0 2.194995342337227
1263.5 0.7360549263026577
1264.0 0.6421545826449204
1264.5 0.8124502405971515
1265.0 1.374059755820665
1265.5 1.311647329429264
1266.0 1.1780271710226544
1266.5 1.2406797878266151
1267.0 0.9480670645591454
1267.5 1.1532058459569927
1268.0 1.2725688951525937
1268.5 0.9011500561427536
1269.0 2.0286928720241346
1269.5 0.9026340512991876
1270.0 1.0336095778586958
1270.5 0.9402305896240483
1271.0 1.2961499818402236
1271.5 0.799949119814622
1272.0 0.5535141666733882
1272.5 0.8160883425087871
1273.0 0.7176876275701138
1273.5 1.2734158618201579
1274.0 1.3018237221698237
1274.5 0.7411126133632223
1275.0 0.5493709908574227
1275.5 0.706915478688426
1276.0 1.113076647686685
1276.5 0.9536813969655353
1277.0 0.48120628127461273
1277.5 1.5739502994408276
1278.0 0.8313815053057196
1278.5 0.9302362240283086
1279.0 0.9042084397638828
1279.5 1.5066991616619898
1280.0 1.291159529911729
1280.5 1.180278582511713
1281.0 0.7981247232239399
1281.5 1.396793885244549
1282.0 0.7315588575631891
1282.5 1.2342511883572864
1283.0 1.9817147026216708
1283.5 1.2284450954827695
1284.0 0.6384240362579201
1284.5 0.7161885104581325
1285.0 1.1209396667329
1285.5 1.5331525869397327
1286.0 1.1537240580270847
1286.5 0.7502844625289677
1287.0 1.3978638857664767
1287.5 1.4424107341198407
1288.0 1.3340939929002777
1288.5 1.1593344544918427
1289.0 0.9590171369022495
1289.5 0.9722275183429891
1290.0 0.6720865048791421
1290.5 0.9616979290953522
1291.0 1.0681628656229643
1291.5 1.1406534894436602
1292.0 0.705565533537034
1292.5 0.7149392949585951
1293.0 0.8646083659149416
1293.5 0.8231802807100178
1294.0 1.06208482554579
1294.5 0.7973417727529359
1295.0 1.2999117829451103
1295.5 1.6983415069175356
1296.0 0.9578456058264188
1296.5 0.8858876924191639
1297.0 1.3843132292025189
1297.5 0.797937650388622
1298.0 0.9660377759656041
1298.5 1.2845551265746549
1299.0 0.8516811340696679
1299.5 1.2559307668463018
1300.0 1.7111447191384856
1300.5 0.7886660983312349
1301.0 0.7371854437202714
1301.5 1.3028399582899515
1302.0 1.933752259714895
1302.5 1.211255066003527
1303.0 0.719682960383242
1303.5 0.5562252280825496
1304.0 0.655221554151765
1304.5 0.8629640334619535
1305.0 0.9092548550230848
1305.5 1.5378453589166137
1306.0 0.6953467305880064
1306.5 1.8902472828592924
1307.0 0.9616593829772373
1307.5 0.901699485674553
1308.0 0.8984623899183053
1308.5 1.1408940003245518
1309.0 0.6677062892570876
1309.5 1.4487353737037973
1310.0 1.556958313475051
1310.5 1.3731145640018332
1311.0 0.5248767234806073
1311.5 1.442137862189858
1312.0 1.5819260939237978
1312.5 1.4175506691816278
1313.0 1.045944359656045
1313.5 0.9114971191942481
1314.0 0.9019375417337638
1314.5 1.1984647559556545
1315.0 2.158537665099877
1315.5 1.7097578958210353
1316.0 0.9890478976294527
1316.5 1.1421470093634944
1317.0 0.6673063080377523
1317.5 1.0098864522582611
1318.0 1.2185462135897875
1318.5 1.1668532906435882
1319.0 0.38884547278479403
1319.5 1.3217641631776207
1320.0 1.1567527294788729
1320.5 1.106270818449473
1321.0 0.8043955413924668
1321.5 1.6040569045277069
1322.0 0.690342294749795
1322.5 0.8381922523192604
1323.0 1.1973457569396946
1323.5 1.6753492194317876
1324.0 0.654646042036817
1324.5 1.1907591619975317
1325.0 1.5858876174637695
1325.5 1.148962256463535
1326.0 1.0414823733607705
1326.5 0.9677278997304388
1327.0 1.063095629697165
1327.5 1.0893834370541788
1328.0 0.30147090267419796
1328.5 0.7382295564085626
1329.0 0.9978398711614708
1329.5 1.1491012802690035
1330.0 0.6947065932210263
1330.5 1.1146319834293184
1331.0 0.5978039283786732
1331.5 1.5415121956198186
1332.0 0.7265876584010343
1332.5 1.9037098817633424
1333.0 1.0099272984357002
1333.5 0.9728403309285601
1334.0 0.6158755524059825
1334.5 0.7124636191165844
1335.0 1.5832296114569893
1335.5 0.7517904184614375
1336.0 0.8992118687620343
1336.5 0.8808420669166418
1337.0 0.7562843942243394
1337.5 1.1251157431422114
1338.0 1.0759820990023998
1338.5 0.9552568585143676
1339.0 1.0320808826806782
1339.5 1.7094807697493657
1340.0 0.8330518263470511
1340.5 1.1196448838175481
1341.0 1.1019058729162086
1341.5 2.1612554776809128
1342.0 0.6015274640727943
1342.5 0.810803462695963
1343.0 1.5269722408879058
1343.5 0.3961622144000024
1344.0 1.2322340521414046
1344.5 0.5235139536332613
1345.0 2.2847755077964593
1345.5 0.9707359727255188
1346.0 1.095796125150732
1346.5 0.8289692815319849
1347.0 0.6506408182466255
1347.5 1.1376380520396123
1348.0 0.8521137366428742
1348.5 0.9612966835748412
1349.0 1.3334986991241387
1349.5 0.909666030906904
1350.0 0.6333424785424281
1350.5 1.0496619643448168
1351.0 0.8757139215822408
1351.5 1.1978688987922794
1352.0 1.3280664699973896
1352.5 0.6402611737162888
1353.0 0.9162238889137383
1353.5 1.4372613463545902
1354.0 0.9453918113778
1354.5 0.8199778125030456
1355.0 1.3706220131482234
1355.5 0.5131007896280423
1356.0 0.5637435019160748
1356.5 0.5643401166948668
1357.0 0.5588131839632979
1357.5 1.147700173398283
1358.0 1.4824838463128753
1358.5 1.614245617023093
1359.0 0.9760563993024193
1359.5 0.8146689231553851
1360.0 0.6554583261357082
1360.5 1.0048932785370792
1361.0 1.5693243772391186
1361.5 1.7912115250807394
1362.0 0.8231759129260824
1362.5 1.4288533610061813
1363.0 1.0317422737647886
1363.5 1.2295133505702605
1364.0 0.9586856824959439
1364.5 0.9723712030242028
1365.0 1.0743591408096345
1365.5 0.7741883493822604
1366.0 0.9923120329870464
1366.5 1.775548460126688
1367.0 0.8872171880802461
1367.5 0.8722855305761026
1368.0 1.2378037626903606
1368.5 1.1644431593840752
1369.0 0.8138172344602239
1369.5 1.0552886755717048
1370.0 1.6551033887065696
1370.5 0.5578559406610393
1371.0 0.46209690134556247
1371.5 1.3171237133555305
1372.0 0.7880795297969243
1372.5 0.47228592167679073
1373.0 0.8457747688384356
1373.5 2.0363673647569906
1374.0 0.2
1374.5 0.8027510867479701
1375.0 0.751457345345698
1375.5 1.0319349391445922
1376.0 0.7978274597035054
1376.5 1.8401310586193542
1377.0 1.0137844532145004
1377.5 1.0927616935804132
1378.0 1.425141873330467
1378.5 0.8500546812742114
1379.0 1.259526952585735
1379.5 0.8368633789636541
1380.0 0.6302611435403054
1380.5 0.929339115366175
1381.0 1.478638301854828
1381.5 0.8042217591562968
1382.0 0.6671278994797623
1382.5 0.7976071253208298
1383.0 0.9188669336064964
1383.5 0.9814061154347139
1384.0 0.9095459505221077
1384.5 1.132729187474486
1385.0 1.4627256473578805
1385.5 0.2772761297470192
1386.0 0.41771463814948484
1386.5 1.3029443037211474
1387.0 1.2570725341061588
1387.5 1.0549762226355732
1388.0 1.1896571561466431
1388.5 0.6695855363270256
1389.0 1.227528167558908
1389.5 1.0929977840050413
1390.0 1.0193105631939388
1390.5 0.9196341210971182
1391.0 1.0679825173867397
1391.5 0.5960102416293221
1392.0 0.7559350542911978
1392.5 0.9184300322163901
1393.0 1.087797038008674
1393.5 0.7198742649281911
1394.0 0.9012991910971022
1394.5 0.8849296457932897
1395.0 0.5194419850785089
1395.5 1.9603462468656279
1396.0 0.5789947800045506
1396.5 0.48435829071893816
1397.0 0.697943132270656
1397.5 0.6518780736384677
1398.0 1.3118732254747685
1398.5 1.1258456964723056
1399.0 0.9184844763900035
1399.5 0.8365213460674491
1400.0 1.314133667176402
1400.5 0.7558289897778261
1401.0 1.1848510544472874
1401.5 1.3740834278380634
1402.0 1.3337355981137629
1402.5 0.8465621895546468
1403.0 1.1413432234460719
1403.5 0.828861749300478
1404.0 1.129692068639676
1404.5 1.0446909940848956
1405.0 1.1296790749146428
1405.5 0.490476292318364
1406.0 0.9099099800226144
1406.5 1.8439317908796942
1407.0 0.820495117581932
1407.5 1.3002803963256009
1408.0 1.211805443472568
1408.5 0.7552436237293535
1409.0 0.5158650830746058
1409.5 1.039080567505994
1410.0 0.7293088170027973
1410.5 0.63580252689724
1411.0 1.1182609991223935
1411.5 0.90724032517309
1412.0 0.722844630913239
1412.5 1.0096338506220586
1413.0 1.224926660095295
1413.5 1.6340926208722268
1414.0 0.7860118214002243
1414.5 1.3559810983534915
1415.0 0.8192313395697606
1415.5 0.8662682086326372
1416.0 0.714466603333882
1416.5 1.1819190950232286
1417.0 1.0696662185331747
1417.5 0.4335597771927119
1418.0 0.9901655057995103
1418.5 1.5920863025194727
1419.0 1.119993779076336
1419.5 1.4005482345898428
1420.0 0.987951503656108
1420.5 1.1542801135210066
1421.0 1.1213994328819843
1421.5 1.3092531984769056
1422.0 0.7611545030505751
1422.5 1.4488009721820405
1423.0 1.6920418757423663
1423.5 0.9831957568402936
1424.0 0.49401362586770525
1424.5 1.6939022327517521
1425.0 1.0508557748873382
1425.5 1.0726724097377636
1426.0 0.9692790960527747
1426.5 1.014575450468065
1427.0 1.4485573640777378
1427.5 0.7670433430567687
1428.0 1.5140451670516346
1428.5 0.7013183645424496
1429.0 0.47569865586653226
1429.5 1.3066477147617812
1430.0 0.4049165500500175
1430.5 0.9068000729468908
1431.0 0.8270301658053039
1431.5 1.2215264386323934
1432.0 0.5281489745633664
1432.5 0.7669210141145483
1433.0 0.9316305294038879
1433.5 1.0370241630552737
1434.0 0.557299233827521
1434.5 1.3523352175768788
1435.0 0.9994274075782246
1435.5 1.1936090961363917
1436.0 1.755238073895557
1436.5 0.6522646294180151
1437.0 1.5185492878085607
1437.5 1.2630464245285755
1438.0 0.9870010303766629
1438.5 0.8251812084966377
1439.0 0.9555480209498799
1439.5 0.6139821186560832
