0 0.7155273912614262
0.5 1.3279795729921537
1.0 0.6811859651789283
1.5 0.7118940501674837
2.0 1.7296205574540964
2.5 1.2255136811423446
3.0 1.6909576469216159
3.5 0.47137741975475483
4.0 0.4782266025936083
4.5 0.6158944488315061
5.0 0.7472935765300361
5.5 1.0797708521618965
6.0 0.9791034097319467
6.5 0.8529110545941392
7.0 0.7128793485479483
7.5 1.062879250095092
8.0 0.7728351600320261
8.5 1.6918823614367557
9.0 0.575093134174494
9.5 1.0474436591300658
10.0 0.7956844917593369
10.5 1.0005388144679257
11.0 1.7796836602927928
11.5 0.3751746766275356
12.0 1.2590254547580852
12.5 1.2096203769571343
13.0 1.2036329273800814
13.5 1.0925348284866194
14.0 0.8823364178716643
14.5 0.832260581135823
15.0 1.2178795146629346
15.5 0.889261044210579
16.0 0.8815653464067821
16.5 1.1658526303430525
17.0 0.5327964803101475
17.5 1.3375651950924863
18.0 0.8382580186995457
18.5 0.9174832104616912
19.0 0.9388927309559638
19.5 0.7987730085246956
20.0 1.2004476060054772
20.5 1.254187811542344
21.0 0.9877053292600475
21.5 0.5579660473619154
22.0 0.5006647148323093
22.5 0.9342052770184188
23.0 0.22236490570969125
23.5 1.088931707117714
24.0 1.1733832720143607
24.5 0.6716644682281709
25.0 0.8675995135253025
25.5 1.28821033326276
26.0 0.31389782504131913
26.5 1.015722092140256
27.0 0.6800607892697337
27.5 1.0793685153893045
28.0 0.8693508091683739
28.5 0.7351344293223483
29.0 1.289375626951701
29.5 1.4140728132321132
30.0 1.4956213219424832
30.5 1.0308121674403399
31.0 1.030234187663003
31.5 1.2704693201055406
32.0 0.5836787280437148
32.5 0.3896579059548956
33.0 0.8562635529375642
33.5 0.6037946882879222
34.0 0.5674931242101572
34.5 0.7177447274616022
35.0 0.5325956292285512
35.5 1.4018787038432223
36.0 0.8626346011807526
36.5 1.5695196824113657
37.0 0.4943147342415651
37.5 1.069412090308988
38.0 1.2642096331757826
38.5 0.7684882734356091
39.0 0.8609535816017575
39.5 0.6612903962067505
40.0 0.5028926820847001
40.5 0.5396261381110139
41.0 0.8601242193501396
41.5 1.2322941125500468
42.0 0.6779242643845076
42.5 0.8520923713194144
43.0 0.9242776724094093
43.5 1.4797786685919212
44.0 1.1004187604319775
44.5 1.0994675442545196
45.0 1.2726367483560415
45.5 0.8518967859032528
46.0 0.945739052981904
46.5 1.4506326758950303
47.0 0.584788242643425
47.5 0.9679510462357687
48.0 0.953168556637282
48.5 0.8778723270054356
49.0 0.9350521041111591
49.5 1.1042542027389701
50.0 0.3764360166373356
50.5 0.7066434207279453
51.0 1.7964966983094501
51.5 1.6095182910191672
52.0 1.0098678341710254
52.5 1.7578155234889197
53.0 1.0721432624112974
53.5 0.9317705899849525
54.0 0.7659032398590004
54.5 0.6590419129910154
55.0 0.9973665714542432
55.5 0.7131680108975738
56.0 0.8974375413413084
56.5 1.8947616226590362
57.0 0.5235007754068955
57.5 1.3730228095261356
58.0 0.840606347192107
58.5 0.9632882980002085
59.0 0.9505439190249437
59.5 0.8503158048444142
60.0 0.7529976662877091
60.5 1.0324503397714186
61.0 1.2300945619280275
61.5 1.5688856367535697
62.0 0.6109216121286198
62.5 0.9829460320161116
63.0 0.2788397262594813
63.5 1.2479915804270894
64.0 1.5413441063913274
64.5 1.475686310052832
65.0 0.8388181135356121
65.5 0.8949568809300079
66.0 1.0063899494770316
66.5 1.4750497122635555
67.0 0.6247972483746141
67.5 1.0806414150297807
68.0 1.2112487847648952
68.5 0.8574524282298842
69.0 0.6799366811473257
69.5 0.8161918224787487
70.0 0.7795318980715382
70.5 1.1233450952300497
71.0 0.8517919953994733
71.5 1.1410971942837955
72.0 0.6654753488382991
72.5 0.9148380802030863
73.0 0.9435313366420317
73.5 1.0400607921837186
74.0 0.8164897302178029
74.5 1.0293226585016755
75.0 0.35971979369172336
75.5 1.1612382499820053
76.0 0.6423179766562175
76.5 1.110864436826001
77.0 0.9133533281003012
77.5 0.7363507535424102
78.0 0.8029880305380482
78.5 1.259017011626539
79.0 1.115489700906543
79.5 0.4361012966270188
80.0 0.816480574211836
80.5 0.8187080953607879
81.0 0.9506961619649285
81.5 0.43791720950120616
82.0 1.8289567201516683
82.5 0.6937476911514104
83.0 1.4088285955160957
83.5 0.7206888606631386
84.0 1.1062101284559633
84.5 1.3207779624213831
85.0 1.0036175041419835
85.5 1.004254624656369
86.0 0.78540035539521
86.5 1.1288373719107545
87.0 1.3836922091282449
87.5 0.8302363106667392
88.0 0.7315897196915973
88.5 1.5959220966613192
89.0 1.3252686976480386
89.5 1.3363256084916122
90.0 1.0491629374429488
90.5 0.6722727218426461
91.0 0.5219236626013555
91.5 0.9093829171710004
92.0 0.8501569917638077
92.5 1.080523786859367
93.0 0.5740201009379194
93.5 0.6740403653178557
94.0 0.9300807266449916
94.5 0.7417449262543268
95.0 1.1558547033791227
95.5 0.5629872598227553
96.0 0.7032388310981768
96.5 0.8590391063446037
97.0 1.4624627039445275
97.5 1.2540111894019945
98.0 1.4670675271064737
98.5 1.6778139245620105
99.0 0.5990453559694277
99.5 1.192797280827946
100.0 1.124296955144378
100.5 0.5992881308133244
101.0 0.8989556365881801
101.5 1.2227780755229225
102.0 0.9456134151254946
102.5 0.8930651524774059
103.0 0.6941087623207385
103.5 0.5016567566671737
104.0 1.1035994923793608
104.5 1.2909209431543003
105.0 0.7014607964877803
105.5 1.6210978345652274
106.0 0.9455958180436973
106.5 0.8717816738164211
107.0 0.52450507696852
107.5 1.4170462425121335
108.0 1.1694066241786425
108.5 0.2
109.0 0.8370166546843985
109.5 1.4154433576568253
110.0 1.3855706300470327
110.5 0.7685305644271001
111.0 0.7281799416532899
111.5 0.7069606339928156
112.0 2.0070501384807153
112.5 0.8082993636017657
113.0 0.6792739532518234
113.5 0.930432946820521
114.0 1.0555090801522018
114.5 0.8741005679599345
115.0 1.0736909787311262
115.5 1.1940800793787583
116.0 1.0694282435846558
116.5 0.4873099739239458
117.0 0.6641537718032178
117.5 1.014539553122829
118.0 1.4986474048867091
118.5 0.9031471785021783
119.0 1.0861216180631303
119.5 1.8898305934092932
120.0 1.0260077370389475
120.5 0.8174700919089796
121.0 0.7683077743190849
121.5 1.0242981460048286
122.0 0.644950088197815
122.5 0.9999388342072414
123.0 0.6424791441683458
123.5 0.8446115397360867
124.0 1.0231199575415517
124.5 1.4465500445095056
125.0 1.3897885593910093
125.5 0.831891482974557
126.0 0.863844001379553
126.5 0.7458687597648272
127.0 1.3259602368044976
127.5 0.4373639495576832
128.0 0.7998317156048076
128.5 1.4076693542608198
129.0 1.4665112671074976
129.5 0.6217024571575586
130.0 0.9211225404058976
130.5 0.916005809968406
131.0 0.4800419196461334
131.5 0.8269817638349388
132.0 0.514062520250042
132.5 0.566804856027992
133.0 0.9170917467835299
133.5 0.9829617480858974
134.0 0.7568430466820313
134.5 0.9161434854405964
135.0 1.1680438812668295
135.5 0.6797595085498288
136.0 1.0647748658595648
136.5 0.7583933897773445
137.0 1.41055184002595
137.5 0.9244468375877365
138.0 1.406887659953457
138.5 1.2254048790302021
139.0 0.6880574143288563
139.5 0.6354817548267433
140.0 0.6430143699736939
140.5 0.9672435023239262
141.0 0.9407295792009849
141.5 1.7638346064691368
142.0 1.2325433728408588
142.5 0.9930332548862889
143.0 1.3833595582266665
143.5 1.4417411711433978
144.0 0.8250929700082329
144.5 1.448248786960538
145.0 0.9081364348868664
145.5 0.6904288719122004
146.0 1.6372712618501006
146.5 1.3929532266759064
147.0 0.6549812364425545
147.5 1.705903025614929
148.0 1.1038350469400364
148.5 0.999776084517175
149.0 1.162697545252842
149.5 1.283127455728173
150.0 1.0753883585131851
150.5 1.4206947297393309
151.0 0.726390387046244
151.5 0.9154821194028079
152.0 0.749197719141631
152.5 1.2711763508641214
153.0 1.4198719005646092
153.5 0.5595805582489526
154.0 0.73328519089822
154.5 1.1643725436474193
155.0 0.38835870853400145
155.5 0.8386433172779905
156.0 0.6864406134783505
156.5 0.2591289448169276
157.0 0.6085707967178551
157.5 1.1294535079168178
158.0 0.8249162866297468
158.5 1.3336063340777358
159.0 1.5845921564551748
159.5 1.4575378444193154
160.0 1.0161431437482176
160.5 0.8759119102338264
161.0 1.2614574447160196
161.5 0.5536756583771534
162.0 0.6101374742472242
162.5 0.5223708562814829
163.0 0.7151684584323172
163.5 1.8230787950333158
164.0 1.0820173109768727
164.5 0.6622355628094678
165.0 0.929024901528231
165.5 1.4008748094943306
166.0 0.7308426527831839
166.5 1.2449398302614594
167.0 0.938519833223945
167.5 0.7064281909430672
168.0 0.632930264597077
168.5 1.5282700400907974
169.0 0.8179791189026867
169.5 0.741152867566032
170.0 0.8720457900152389
170.5 1.1934367199608074
171.0 0.7335070752785002
171.5 0.43659415805866103
172.0 1.0282828500520542
172.5 0.7624542188206032
173.0 0.8735502350346186
173.5 0.8041550114772222
174.0 1.0779876945560511
174.5 0.7289937172047353
175.0 1.4407533950921458
175.5 1.8186668148657685
176.0 1.0918587341772121
176.5 0.5483744505338444
177.0 1.3300082172214474
177.5 1.0345662244427838
178.0 0.6306091340007067
178.5 0.4479826961643828
179.0 1.2206624980713414
179.5 0.8009250593835026
180.0 0.7911740340156879
180.5 1.2270124502449153
181.0 1.5442046067941617
181.5 0.36662247434238093
182.0 0.7566951741347767
182.5 1.7011098686914203
183.0 1.5235954486510717
183.5 1.5508884346280047
184.0 0.9997955093978083
184.5 0.6208450839381388
185.0 1.0130658238467554
185.5 0.9751699858981197
186.0 1.3599417182808016
186.5 0.8079185855627502
187.0 0.8023726959205955
187.5 1.2421964722522056
188.0 0.5622389071850091
188.5 0.8548967906019906
189.0 1.6049161767657827
189.5 1.8682165063371832
190.0 1.0267867324393383
190.5 1.1350596465495117
191.0 0.8409600847937668
191.5 0.5471423245043556
192.0 0.4914300793881783
192.5 0.8733693730314052
193.0 0.7437661230282293
193.5 0.7341141197027732
194.0 1.3849959073107485
194.5 0.7419161362071922
195.0 1.112419921355259
195.5 1.050180490559207
196.0 1.1450955687885813
196.5 1.1034552419248835
197.0 0.7614684441043409
197.5 1.678650454439528
198.0 2.2576211892415032
198.5 0.7066148130302949
199.0 1.2481987625601723
199.5 0.9055539402167513
200.0 0.5326496235198812
200.5 1.6240168738786234
201.0 1.2427686067824417
201.5 1.4986032322491267
202.0 0.7322922558175592
202.5 1.2660893278092797
203.0 0.8683942843807277
203.5 1.1975279382260802
204.0 0.6138602597785233
204.5 1.3166297154224051
205.0 0.6721531666517385
205.5 1.4702585144823237
206.0 1.0313847267376208
206.5 0.6038080508805316
207.0 0.6185697225192208
207.5 0.5897945494170265
208.0 0.7111513472632363
208.5 1.2305895847273383
209.0 0.8686307146438423
209.5 0.5694839929888685
210.0 1.0031138701193885
210.5 0.9116056276926693
211.0 0.8669362023244398
211.5 0.673623659746824
212.0 1.3042892945014462
212.5 0.607391034806296
213.0 2.632090409125505
213.5 0.7196170323245962
214.0 0.6717378846907617
214.5 1.1013787110146407
215.0 1.19166315787171
215.5 0.9861716161332662
216.0 0.6140759820024893
216.5 0.8494897296307897
217.0 0.9167808461059472
217.5 1.966040422842294
218.0 1.1303072213889787
218.5 0.7718136024481113
219.0 1.092780830621341
219.5 0.6921665681208969
220.0 0.701207588500834
220.5 0.8158183533446945
221.0 0.7189592503946278
221.5 1.0764618225243796
222.0 2.37133506547009
222.5 0.6115439082668231
223.0 0.2
223.5 1.6345722622478247
224.0 0.9088010965775994
224.5 1.241242849739213
225.0 0.4245047671927921
225.5 1.586162405434512
226.0 1.642471784907023
226.5 1.3469227616284436
227.0 1.8412283350928789
227.5 0.6117944987286743
228.0 0.5073578142101809
228.5 1.1306011810789713
229.0 1.1619577963334051
229.5 1.1761944012630356
230.0 1.5441660872322551
230.5 0.9020963274373057
231.0 1.0217528321881084
231.5 0.887092690602979
232.0 1.069419238171415
232.5 0.6201536946326569
233.0 0.4563298974241372
233.5 0.8801000494036544
234.0 0.475169638522396
234.5 1.041640532999685
235.0 0.4309357643747581
235.5 1.3421104603962055
236.0 1.0545859701570097
236.5 0.9172307776305941
237.0 0.8849536718843588
237.5 1.0586065885693245
238.0 0.5382669388598305
238.5 0.7824960027493901
239.0 0.6992058966815557
239.5 1.578662516800771
240.0 0.7924549459843742
240.5 1.4341677098205845
241.0 1.3762116873739334
241.5 1.0420123602302072
242.0 2.1083050406434025
242.5 1.1919172768344537
243.0 0.9178313150620347
243.5 1.0377534203964518
244.0 0.654721463360399
244.5 1.2764527839370023
245.0 0.8696273156840257
245.5 1.1008164416572845
246.0 2.2311382470718493
246.5 1.2104985527250292
247.0 0.8548051113234337
247.5 0.829164433058792
248.0 0.6594877335161838
248.5 0.9727419724949432
249.0 0.7979216264110698
249.5 1.1531125077884228
250.0 0.9293759267928534
250.5 0.761679566098024
251.0 0.653515562836642
251.5 0.8182836821187782
252.0 0.7477058525951683
252.5 0.6675999624003769
253.0 0.8103730683689365
253.5 0.7364956147924988
254.0 0.7011805533256519
254.5 0.9256438155687012
255.0 1.0086620081486566
255.5 0.673874717048387
256.0 1.5416617620844923
256.5 1.1890452894572485
257.0 1.0490343492398386
257.5 0.6851373640991537
258.0 0.9662363113603081
258.5 1.5491640347664979
259.0 1.3300820649487812
259.5 0.9994463948888747
260.0 1.615523026380072
260.5 1.1819658701180877
261.0 1.5779863085551389
261.5 1.0527847944441229
262.0 1.1678852629891938
262.5 0.8553965006324588
263.0 1.0969709072316611
263.5 1.7051928991436593
264.0 0.8833274341383193
264.5 0.8295430824133139
265.0 0.9428493154090095
265.5 1.2029865660976573
266.0 0.5486435773126903
266.5 0.820537891867519
267.0 1.1726091269080214
267.5 0.7689275502143773
268.0 1.1331822276218317
268.5 0.6179340443400505
269.0 0.6824652772824612
269.5 1.4950431105068738
270.0 0.8591828713201956
270.5 1.209043098592335
271.0 1.8672866395722716
271.5 0.795486888394455
272.0 1.4904703428173516
272.5 1.2101234946021027
273.0 0.5993677814262978
273.5 1.1140880144279421
274.0 1.4562676022196244
274.5 0.923646336138648
275.0 0.6408019126506831
275.5 1.7786192284679228
276.0 1.5310370734072443
276.5 0.7542978061755727
277.0 1.4569486807891385
277.5 0.9316685935516367
278.0 0.42220433891087716
278.5 0.9630686964620482
279.0 1.3211294464768288
279.5 0.9841433626696848
280.0 0.6836864091524439
280.5 0.6825579037825518
281.0 0.8675485280145365
281.5 0.9197284653582719
282.0 1.1501303166609091
282.5 0.2742684550711293
283.0 0.8004257481965247
283.5 0.8294840209088764
284.0 0.7312926557481279
284.5 1.7074639082681755
285.0 1.44541592996678
285.5 0.960836165127021
286.0 1.2057493401896977
286.5 0.6569936569603052
287.0 0.8215125985298225
287.5 0.763050356958132
288.0 0.8446536492541366
288.5 0.3239492131662932
289.0 0.9225604816697425
289.5 0.5502750720415803
290.0 0.5994251988465591
290.5 0.8742286067865344
291.0 1.4019239085037194
291.5 1.0412477155908335
292.0 1.3588667625439772
292.5 0.7494154304424228
293.0 1.1746605024925505
293.5 0.768550419593659
294.0 0.9223230982695658
294.5 1.153461464205558
295.0 0.5070283772245716
295.5 1.116631080471185
296.0 0.5098914291351736
296.5 0.7058246660426042
297.0 0.92443466574432
297.5 0.6295868245713738
298.0 0.7741885832443367
298.5 1.4768007068374494
299.0 0.7944850117520232
299.5 1.0695223263430826
300.0 0.91807163987856
300.5 1.1095090996281107
301.0 1.2316559899912969
301.5 2.1089600779697952
302.0 1.0842090018429826
302.5 1.3859740222255676
303.0 1.671343389011792
303.5 0.9078984914366823
304.0 0.6715825006834975
304.5 0.9383920888032086
305.0 1.5006028781107177
305.5 0.38795298092799446
306.0 1.0425526719540201
306.5 0.9387625502847018
307.0 0.9730237592650035
307.5 1.410915348570541
308.0 1.1128414983433024
308.5 1.3184967284573035
309.0 1.502072158296646
309.5 1.6093466723957137
310.0 1.213037206779012
310.5 0.608706782650428
311.0 0.8755835258429966
311.5 1.1727340211007606
312.0 0.9266160683322718
312.5 0.8557572114731169
313.0 0.7959067451802081
313.5 1.3283186413730426
314.0 1.0713033738760322
314.5 0.7734478879294192
315.0 0.854266780925677
315.5 1.128229493757076
316.0 0.890055224979069
316.5 0.9345248063070223
317.0 0.9267621763344456
317.5 0.7356314952747691
318.0 1.2572614519836565
318.5 1.5340553413982083
319.0 0.954583942619788
319.5 0.5581906708255633
320.0 0.9109001505937829
320.5 1.2419439318665386
321.0 1.0725936707500852
321.5 0.7742735654323433
322.0 0.6771370190710118
322.5 2.0485595840416777
323.0 0.7846399305447458
323.5 0.9994033614689679
324.0 0.4901382155382509
324.5 0.8114754035884691
325.0 0.8002072858877383
325.5 0.7162655167107009
326.0 1.258244529052233
326.5 0.7922888419667727
327.0 1.3573541772950617
327.5 1.114596147122774
328.0 1.0171397735336074
328.5 1.4435428170464872
329.0 1.117591280488798
329.5 1.4026317016639638
330.0 1.2604840263836472
330.5 1.7144390888549186
331.0 1.4009789465873004
331.5 0.723264559476998
332.0 1.4286308862033925
332.5 1.2410489342871482
333.0 1.403998163923776
333.5 0.5355922671819773
334.0 0.7268277682527661
334.5 0.7567195550266428
335.0 0.6419263054235981
335.5 1.3502314076985438
336.0 1.214416396710265
336.5 1.5309878717232084
337.0 1.276217533531455
337.5 0.6023726718322898
338.0 1.1120073092617369
338.5 1.563824972833839
339.0 0.8167014153860588
339.5 0.6087860608492383
340.0 0.7367993659073214
340.5 0.8166827856519479
341.0 0.5983263899039224
341.5 0.8018627631643626
342.0 1.4792371708773064
342.5 1.4201749452366588
343.0 1.7060695184496981
343.5 0.8898006073285469
344.0 0.40441678114746715
344.5 1.0424137877225008
345.0 0.996524070784199
345.5 0.7712093066660035
346.0 0.6514764048310235
346.5 0.7093512460972863
347.0 0.9305547115707973
347.5 1.1222490350562584
348.0 0.7256181399010009
348.5 0.799032924898754
349.0 0.8578293615107324
349.5 0.6763995730629354
350.0 1.3173652221705097
350.5 0.2
351.0 1.2020655007506713
351.5 1.251094401099726
352.0 1.019212407170329
352.5 1.0995467760579887
353.0 1.2251673854276208
353.5 1.116153506700967
354.0 0.6648005826006913
354.5 1.143551241253241
355.0 0.66466879142389
355.5 0.5649809018634248
356.0 0.5563585109720296
356.5 0.9056405459812127
357.0 0.49895635916865255
357.5 0.8333925311791325
358.0 1.77070857405083
358.5 0.31107074387460676
359.0 0.9675404495063763
359.5 0.9531210120480601
360.0 0.7576512246158565
360.5 0.926381333995753
361.0 0.6667108388089068
361.5 0.6839458702917014
362.0 1.1130868362661441
362.5 1.1188146790209208
363.0 0.6965187126475085
363.5 1.0916692313945235
364.0 1.2555945588979844
364.5 0.5806611112182075
365.0 0.7504258400110191
365.5 0.8754557141202971
366.0 0.8395920817451216
366.5 0.8687047164164848
367.0 1.5870352092187825
367.5 1.0499914157356338
368.0 0.8171095895617433
368.5 1.0834655871734395
369.0 1.7017245387312987
369.5 0.8293404353590013
370.0 1.7101033525475087
370.5 1.0646712615062348
371.0 1.5245827699354906
371.5 0.6946034558930381
372.0 0.8368694752812991
372.5 1.245185332678103
373.0 1.048009919086085
373.5 0.5380988178144156
374.0 0.7669430986261947
374.5 1.680401077604993
375.0 0.6190144693583541
375.5 0.9697030571148187
376.0 0.5175328960981134
376.5 0.7520953702024831
377.0 1.196435132677794
377.5 2.268875193782963
378.0 1.4425570055120003
378.5 1.1074518540348621
379.0 1.1725657009996504
379.5 0.9339074420120591
380.0 1.26360832581318
380.5 0.9984797608821687
381.0 0.8728287467804547
381.5 0.7617956958068404
382.0 0.9859250387209404
382.5 0.9241643941538373
383.0 0.6478385173794878
383.5 1.1385576724150923
384.0 1.365606629291788
384.5 1.0863918499915013
385.0 0.8951248188666489
385.5 0.7502035180959826
386.0 1.324553702172453
386.5 1.0173154820702246
387.0 0.9249288789155801
387.5 1.705693303977299
388.0 1.1234796081124223
388.5 1.6314317564631202
389.0 1.1764627433701857
389.5 0.9301253730787821
390.0 1.1575322511296398
390.5 0.9353981689292354
391.0 1.6853638659683652
391.5 1.3570542791414397
392.0 0.7719923328419576
392.5 1.114489560931716
393.0 0.7833848160397866
393.5 0.6124666844249504
394.0 0.6781215495229065
394.5 1.256111117711109
395.0 1.0067257108121654
395.5 1.5467834235249005
396.0 1.4120022687120597
396.5 0.800762406769724
397.0 0.9450504352356123
397.5 1.0843565342419543
398.0 0.9964660171456549
398.5 0.8476200662876201
399.0 0.7430457085476261
399.5 0.7577819836031685
400.0 1.1634861699903905
400.5 1.917879933058153
401.0 0.6552102248585225
401.5 0.9833339452139354
402.0 0.7967041155969312
402.5 0.6739285074484591
403.0 1.4242756762189792
403.5 0.6828707192539492
404.0 1.530588137526598
404.5 0.9249995887923139
405.0 0.9403373177120686
405.5 0.6920613783119943
406.0 0.7509214683372745
406.5 1.1314402921179354
407.0 0.8827612706319323
407.5 1.4350482184086633
408.0 0.6696817195139835
408.5 0.8435861939337155
409.0 0.9783027870380088
409.5 0.6750118105109316
410.0 1.8829689812871164
410.5 1.3062263514421661
411.0 0.4065097014958924
411.5 0.9194136164211398
412.0 1.0003368457535695
412.5 0.6010742848328889
413.0 1.249671755298889
413.5 0.9132149382364104
414.0 0.7948821227794303
414.5 0.32831027886208797
415.0 0.96433294963317
415.5 1.2580651369685936
416.0 0.7585598105112632
416.5 0.6799074057044898
417.0 1.907202696408019
417.5 0.7902217436821023
418.0 1.0992806666942012
418.5 1.4492157125846317
419.0 1.723459851649238
419.5 1.8965845785125182
420.0 0.8312435815380269
420.5 1.2603681842856016
421.0 0.6788407737240012
421.5 0.7473688042469977
422.0 1.1757386836045964
422.5 0.9708338312324007
423.0 1.3004892058332578
423.5 0.9743092836283864
424.0 1.140937500744574
424.5 1.1188648203390037
425.0 0.4597018671187991
425.5 1.2118200693356567
426.0 1.419019754650066
426.5 1.0120322032661198
427.0 0.9332590130414546
427.5 0.637339743563705
428.0 0.8230022472864692
428.5 0.6616071207160571
429.0 0.9712879800866951
429.5 1.3294222220418246
430.0 1.4752226101965122
430.5 1.2779223900602599
431.0 0.9403851042841345
431.5 1.117078982317834
432.0 1.2380371723448014
432.5 1.4777575880175884
433.0 1.5141203062943744
433.5 1.36855958147848
434.0 0.8112143630864502
434.5 0.6122917267442071
435.0 0.848899783143525
435.5 0.7541420194014969
436.0 1.5350816577623267
436.5 1.014783070137999
437.0 0.9859967855306103
437.5 1.304628109172278
438.0 0.7787512977838821
438.5 1.156123392143308
439.0 1.5007517878789791
439.5 1.006088437258589
440.0 1.0739102911310112
440.5 0.8897215857330288
441.0 0.514727140848673
441.5 1.0489450853022104
442.0 1.472619124397061
442.5 1.1870997509484496
443.0 0.7008814545383175
443.5 1.6646540418297677
444.0 1.3172086556480709
444.5 0.7562376534811648
445.0 1.2087507373616448
445.5 1.0945473167429518
446.0 0.5260680579241874
446.5 0.7682692289060419
447.0 0.8256470209747773
447.5 1.419393629303344
448.0 1.0819054160792234
448.5 0.8623854054140083
449.0 1.2630287493475612
449.5 0.8991623903688803
450.0 0.7699532155271683
450.5 0.9991347318191584
451.0 0.4787023941241947
451.5 1.1630543552499466
452.0 0.5530803159969954
452.5 0.601814834122587
453.0 0.7148963166760154
453.5 0.7958194914700327
454.0 1.5144226258189173
454.5 0.6596667066986677
455.0 0.6291953133026904
455.5 0.9858742560939346
456.0 0.9333095469204697
456.5 1.54819668202357
457.0 1.1184301181218153
457.5 1.2255882749283535
458.0 1.0291744209558977
458.5 0.6069089180483683
459.0 0.9220388652179897
459.5 0.7396168814558196
460.0 0.9895508695566494
460.5 0.6849961658354069
461.0 1.7721888628944793
461.5 0.5651020180433302
462.0 0.6225331653285613
462.5 0.8374564837967884
463.0 0.9262531751995785
463.5 0.5816904397719594
464.0 1.4341458397160287
464.5 1.0868416892518034
465.0 1.563987855635466
465.5 1.2787286032132674
466.0 0.9970063719601325
466.5 0.9732146076134132
467.0 0.8444438595896218
467.5 1.2897760849415905
468.0 1.271342072827911
468.5 1.2045936274522786
469.0 0.8857977178205827
469.5 0.8578234813420882
470.0 1.326158124153392
470.5 1.0324492050124237
471.0 0.9525624197735397
471.5 0.8115359188359297
472.0 0.7804196598251885
472.5 0.9219383600300025
473.0 0.5677218017902623
473.5 1.076717014241316
474.0 1.1507206653174247
474.5 0.7509613690360023
475.0 0.9486806657764311
475.5 0.7335504357819156
476.0 0.8507532657890762
476.5 0.8827253064096418
477.0 0.8537240954338488
477.5 0.4820606925020615
478.0 0.97003585845984
478.5 0.8583953430961496
479.0 0.5547263545570422
479.5 1.1883310555993414
480.0 1.193913071212894
480.5 0.6658751402709373
481.0 1.1581444637123524
481.5 0.9679186138661852
482.0 1.5064512369281409
482.5 1.9383624235436425
483.0 1.3637824386272024
483.5 1.3501194682004636
484.0 0.9803436262850359
484.5 0.36349999339405215
485.0 1.416447671371623
485.5 0.9144945276123176
486.0 1.033079087103902
486.5 0.8210108820455511
487.0 0.7126110797336256
487.5 0.9323440126363636
488.0 0.9652721440906967
488.5 0.8834715987939161
489.0 1.1102854953660843
489.5 1.0593104565965037
490.0 1.3130488691760536
490.5 0.5318196049230678
491.0 0.7709195805973951
491.5 0.8341150965895914
492.0 1.368268569136998
492.5 1.0699213047540566
493.0 1.591761465975061
493.5 1.2896564610394363
494.0 1.4158633048945766
494.5 1.030986726497609
495.0 1.0452365202903664
495.5 0.8448677828664293
496.0 0.8736411620976399
496.5 0.7028934032023784
497.0 0.9842851610546309
497.5 1.2765054131904796
498.0 1.0190517980059688
498.5 1.168781936246798
499.0 1.307283298036217
499.5 1.4228485243600186
500.0 0.6408539613958556
500.5 0.8624812144142777
501.0 1.5992393582625148
501.5 0.5584105734495168
502.0 1.010338669411074
502.5 0.8393289596811282
503.0 0.8933657093291363
503.5 0.6070936514436787
504.0 1.0314755375425269
504.5 0.7750516578588658
505.0 1.2872414510572179
505.5 0.646979152342092
506.0 0.8798647605049714
506.5 0.4190987866053425
507.0 0.8396050924674283
507.5 1.0970709513342136
508.0 1.00873000561224
508.5 1.2289107946760751
509.0 0.6420128560766181
509.5 1.1862521671547812
510.0 0.5916904813564211
510.5 0.553361926611187
511.0 1.424212659689033
511.5 0.9999086791787832
512.0 1.4715281912492717
512.5 1.0863035190723511
513.0 1.077725037797554
513.5 1.1160653117948156
514.0 0.791968648143738
514.5 0.6263723819722644
515.0 0.8440714879992244
515.5 0.8829733985303833
516.0 1.0361311774340287
516.5 0.9020774267621786
517.0 1.5474439223988075
517.5 0.4657519652471449
518.0 1.1719155788869768
518.5 1.4730784108813766
519.0 1.1136134631987131
519.5 0.7474945032383462
520.0 0.7193722789715287
520.5 1.3419048415632706
521.0 1.1839065626206118
521.5 1.0824999777640287
522.0 1.1345865067178478
522.5 0.8648618318571193
523.0 0.7778894631822042
523.5 0.8262755182191546
524.0 1.232162677615503
524.5 1.2778015401366782
525.0 0.6765793522817087
525.5 1.6374948662647424
526.0 0.4928785104337695
526.5 0.7787059980766358
527.0 0.7507913191253803
527.5 1.441444826095828
528.0 1.3266829059940224
528.5 0.7632827331702837
529.0 0.8353544031141527
529.5 1.2795221615437193
530.0 1.1872746541053267
530.5 0.670521612157934
531.0 1.0252926607648638
531.5 1.3139456220243528
532.0 1.2344842158713685
532.5 0.7178252860412012
533.0 0.6787391043128914
533.5 0.3888860831288808
534.0 0.5945479197030252
534.5 0.680974449355227
535.0 1.2042374698589735
535.5 0.8809899363586212
536.0 1.059906290507955
536.5 1.3366610610443734
537.0 1.1224093513843205
537.5 1.0440555023770095
538.0 0.8096002669856992
538.5 1.2821207756486381
539.0 0.7554171867428076
539.5 0.9167905036872335
540.0 0.9157197455822518
540.5 0.8964786049224709
541.0 0.5633880002847952
541.5 1.1287380276501096
542.0 0.7956840967110934
542.5 0.6333551214732166
543.0 0.6992607070798664
543.5 1.2257964289308552
544.0 1.0473533891824194
544.5 1.0996957351198475
545.0 0.9109177490942642
545.5 1.2515830334681572
546.0 1.1790082022075423
546.5 1.6099401769462194
547.0 0.8704942673680911
547.5 0.8654932342756048
548.0 1.561504023917566
548.5 0.9992624238029474
549.0 0.7100642459991997
549.5 0.6893805965474991
550.0 1.0378569594244134
550.5 1.865999461486989
551.0 1.1951414780621117
551.5 0.80459990541752
552.0 0.6401626996797585
552.5 1.0428281268248107
553.0 1.56697912324264
553.5 0.9898270641511725
554.0 1.0460176951098386
554.5 1.0724863387810117
555.0 0.7971230269115037
555.5 0.7953920605698347
556.0 1.2399018735442118
556.5 0.8574395894586688
557.0 1.695225839872116
557.5 1.9008562616953815
558.0 1.168732034160759
558.5 0.4779081241507888
559.0 1.4622345170145477
559.5 1.109662453291088
560.0 1.0355159743947722
560.5 1.9173387579404753
561.0 0.8062590335149236
561.5 0.6808469093859919
562.0 0.6210096270351937
562.5 0.6532502889589833
563.0 0.49607194842305524
563.5 0.6931738728799125
564.0 1.185465490746203
564.5 0.7866383273035984
565.0 0.742318607710879
565.5 1.1455413365213944
566.0 0.9271391600861829
566.5 1.3224082128609902
567.0 0.8842564846111972
567.5 0.8747053679060763
568.0 1.0599157693908268
568.5 1.670401161133018
569.0 1.4228145517947985
569.5 0.998126520446367
570.0 0.7456677219059127
570.5 1.5096756511355105
571.0 0.93321924869308
571.5 1.0901311823117201
572.0 0.6814907153411174
572.5 1.0991968171612423
573.0 1.4185534269210143
573.5 1.3377357715258102
574.0 0.8513360067036106
574.5 1.3230938788208397
575.0 1.246095270090367
575.5 0.7232956587945387
576.0 2.1613425949366474
576.5 0.6829954534804277
577.0 0.8056391799631847
577.5 0.9541434684830787
578.0 1.1998719029176521
578.5 2.180732828783831
579.0 0.8739120149793843
579.5 0.7771185919679948
580.0 0.4809754883071288
580.5 1.411491646852167
581.0 0.7712875144018604
581.5 0.8012119631990771
582.0 0.801379638895275
582.5 1.1530158779022397
583.0 0.7270784943861113
583.5 0.8700061329480722
584.0 0.8435376751213004
584.5 1.3896796283905748
585.0 1.2258662384740988
585.5 1.3199095674628287
586.0 0.896949803898849
586.5 0.9095051479411199
587.0 1.2093211102894301
587.5 0.6874623271488137
588.0 0.6994993486322826
588.5 0.776823391463674
589.0 1.0969633368357388
589.5 0.8225487882618159
590.0 1.201380076287745
590.5 0.5727690083192998
591.0 1.4478764447888572
591.5 0.9270996823348203
592.0 0.9966656315599551
592.5 0.692550709218623
593.0 1.2686821245017899
593.5 0.629517486249319
594.0 0.602315885968916
594.5 1.2190097989026527
595.0 0.9165386946642893
595.5 0.5562740323448366
596.0 0.8192327229621696
596.5 0.8328954715299093
597.0 1.0062180552073725
597.5 0.6357037787337452
598.0 1.1047096089570827
598.5 1.1044537129001208
599.0 1.5274175891662432
599.5 0.6324675753825235
600.0 0.7584712079501523
600.5 1.1662243865037882
601.0 1.0017424621148567
601.5 1.6279640888295142
602.0 1.1622607841495718
602.5 1.2104875602989713
603.0 1.5433182863644572
603.5 1.441388184820104
604.0 0.9574348201335011
604.5 1.3627141090773591
605.0 0.8458378582479418
605.5 0.3552110250177707
606.0 0.895094676724739
606.5 0.9879402515464211
607.0 1.1371443458944277
607.5 0.9631445160473948
608.0 1.3509365698346947
608.5 0.9726983049724568
609.0 0.2916381191808052
609.5 0.9782916408884686
610.0 0.6333638083125643
610.5 1.1441515042805768
611.0 1.2840605377732441
611.5 0.707448378242151
612.0 0.6718484523902145
612.5 0.7155579499798947
613.0 1.04668577975419
613.5 1.1076771323860695
614.0 0.8641392025296425
614.5 1.0897251933211833
615.0 0.7046807154913387
615.5 1.0677982296692026
616.0 1.0082599398092418
616.5 0.9979853178238113
617.0 1.3995333313670404
617.5 0.5440003949312548
618.0 1.1721573466721982
618.5 1.046505975137709
619.0 0.7947018665798724
619.5 0.6816457967366337
620.0 1.2961469310324634
620.5 0.6414492752133
621.0 1.8005478091004639
621.5 0.6452534547587677
622.0 0.524230708628548
622.5 1.3476975359692671
623.0 1.503251719397793
623.5 1.3368412355192052
624.0 1.7142959528084993
624.5 0.5756941068169596
625.0 1.0517284870503498
625.5 0.7626126656859102
626.0 0.8581392106122638
626.5 0.7204925023721684
627.0 0.76827330269189
627.5 0.8237797154715354
628.0 1.6731208293275102
628.5 0.7878159572127286
629.0 0.9005783863223237
629.5 1.659777903529371
630.0 0.6991390635273662
630.5 0.8677616836712524
631.0 0.9963320102290936
631.5 1.3636425885414805
632.0 0.6483239560254332
632.5 0.9748599042930159
633.0 0.8243036868106427
633.5 0.6692114377719041
634.0 0.7989366806757949
634.5 1.1999465612934253
635.0 0.9034806601402385
635.5 0.43633728697022844
636.0 0.9942933757435739
636.5 1.2865500152994047
637.0 1.006821891710294
637.5 0.8543117315651746
638.0 1.090974813474347
638.5 1.6291426333648236
639.0 0.5537218099159784
639.5 0.885830539727821
640.0 0.7517025715444505
640.5 1.297034862181874
641.0 1.6080794727852186
641.5 0.6468324816248654
642.0 0.9090932870997113
642.5 0.960402667115777
643.0 0.606137350040575
643.5 1.741396254056403
644.0 1.1665872653544467
644.5 0.8467435820074319
645.0 0.9595904707460603
645.5 0.8053864042186626
646.0 1.248826069450343
646.5 0.5017423238083675
647.0 1.7608548917766615
647.5 1.7822394802783563
648.0 1.261535065797096
648.5 0.8982410513769261
649.0 0.7131430881608836
649.5 1.2752500964630094
650.0 0.9424648535260656
650.5 0.8679399665603699
651.0 1.0200197028270708
651.5 1.3470364712405198
652.0 1.4037844527480687
652.5 0.6612174596949993
653.0 1.0140029489065951
653.5 1.1472932689053756
654.0 0.627043484868037
654.5 1.5443296388411463
655.0 1.1097713919505017
655.5 1.2225252736876406
656.0 0.82971761577114
656.5 1.663359476369509
657.0 0.824608629136173
657.5 0.40893263395613455
658.0 0.988017430440816
658.5 1.014242294961714
659.0 1.0522350432304932
659.5 0.880050417357721
660.0 1.0725357199792653
660.5 0.7258903129079606
661.0 0.7887488374878667
661.5 0.7187345465063233
662.0 0.751796665388715
662.5 1.3330302601859336
663.0 0.7973438449342358
663.5 0.6930079775091924
664.0 0.9706844594199959
664.5 0.9885997315501189
665.0 0.496680996717821
665.5 1.1887435949171283
666.0 0.8391141858808588
666.5 0.7840477020991792
667.0 1.8945179458851444
667.5 1.07963382264139
668.0 0.7842893847172987
668.5 1.150007944790501
669.0 0.8179375163637255
669.5 1.0391986131162536
670.0 0.7945507071872168
670.5 0.6551300541454582
671.0 1.5747167736547105
671.5 0.8460742200358655
672.0 1.552964910466053
672.5 1.1503087276329687
673.0 0.9255123326877546
673.5 1.1792415500866194
674.0 0.7819667519053529
674.5 1.358121786358827
675.0 0.8832852704112655
675.5 1.3724696272195644
676.0 0.9945909343727919
676.5 0.6922456657557223
677.0 0.8441626056854972
677.5 1.1202632233703336
678.0 0.7597343977933059
678.5 1.0100671825625929
679.0 0.7433102037272925
679.5 0.6606931361297805
680.0 1.1052132491286253
680.5 1.0754177571519419
681.0 0.9176011091468688
681.5 1.1205599011584741
682.0 0.7646585615546025
682.5 1.135138634924978
683.0 1.3955747140961359
683.5 0.5142797015757158
684.0 1.2904708941687226
684.5 1.049260903730871
685.0 1.1405840399169023
685.5 1.3901009411310405
686.0 1.1603792948912637
686.5 1.3640796925916199
687.0 1.2550747395401824
687.5 1.246113868617003
688.0 1.5496697168221916
688.5 0.9928524128219023
689.0 0.6527826112626771
689.5 1.2833325805449363
690.0 1.0690225833725246
690.5 1.5883439383097198
691.0 1.238650068469352
691.5 0.9522883501498582
692.0 0.6705734553232464
692.5 0.9185522714405779
693.0 0.618631356390971
693.5 0.5205940647445262
694.0 0.8211185301577519
694.5 1.156605224219001
695.0 1.524634305964502
695.5 0.4098637767352622
696.0 0.8655230225477213
696.5 0.8642918901967694
697.0 0.5282268066679713
697.5 1.4882845511258176
698.0 1.179220137069617
698.5 1.3423777820938705
699.0 1.3345218370963354
699.5 0.9433589605870968
700.0 1.070368946544403
700.5 1.173200495312309
701.0 1.0276676564813747
701.5 1.3432750777279654
702.0 0.5077573994850455
702.5 0.7448437829327742
703.0 0.67574835018696
703.5 0.5823500595539659
704.0 0.7398227724118451
704.5 1.0623694396978278
705.0 1.3436708018013221
705.5 1.3951982684012187
706.0 0.8403708158164419
706.5 0.9995433810082053
707.0 0.9062572721370052
707.5 1.1167754732413613
708.0 1.376719736706327
708.5 0.7031812920529457
709.0 0.5722390443934521
709.5 1.19343107918332
710.0 0.722565477675202
710.5 1.0948507395195328
711.0 0.7221767683330806
711.5 1.1695140022185035
712.0 1.5083594774156959
712.5 2.0236702572247913
713.0 1.0683867260257198
713.5 1.1388427078326684
714.0 0.9841699731318054
714.5 0.8695607671685577
715.0 0.7064067858533236
715.5 0.7021948867832378
716.0 1.1110840681687009
716.5 1.1830057354973111
717.0 1.0820400365991585
717.5 0.713857724451257
718.0 1.41633477247017
718.5 0.5610092247760678
719.0 0.9847372590978539
719.5 1.865130144428662
720.0 1.7058851797222285
720.5 0.8548333767477847
721.0 0.6589199428996073
721.5 1.0316766778360726
722.0 1.2567927157855205
722.5 0.9884617014361959
723.0 1.5784096463586388
723.5 0.9774281072665437
724.0 2.3650017914860704
724.5 1.5707462717936407
725.0 1.4400545332135328
725.5 1.2634288738398776
726.0 0.8249430365900743
726.5 0.42445246655036983
727.0 0.576842096865572
727.5 0.46856611184062646
728.0 1.4970833346519012
728.5 0.9614538613976157
729.0 1.1785215246990424
729.5 0.9657346234252503
730.0 1.899427103053767
730.5 0.8917409966565583
731.0 0.8314820485517616
731.5 1.1478661749830534
732.0 1.0827746260965783
732.5 1.2362368143754088
733.0 0.9029328602461826
733.5 0.3361096099784582
734.0 1.1252738228905477
734.5 0.8377704243234141
735.0 1.6849824978063026
735.5 0.8167412982248724
736.0 0.7346715189195285
736.5 1.723477768565477
737.0 0.910788322899742
737.5 1.0629675276342698
738.0 1.022596946992902
738.5 0.6267664316112156
739.0 1.328202135213877
739.5 1.150123472849439
740.0 1.803207589587577
740.5 0.8950288629420116
741.0 1.9313255363172876
741.5 0.6626166331181924
742.0 0.8746808076261263
742.5 0.7691904278937265
743.0 1.1472083542264437
743.5 0.6679375432036965
744.0 0.8419901637116882
744.5 1.2000478660961598
745.0 0.6462729355222218
745.5 1.5056879344653673
746.0 0.9544395336509175
746.5 0.9178110856858077
747.0 1.2969203325723297
747.5 1.2907710461348554
748.0 0.8061584126812182
748.5 1.018065760054782
749.0 1.4813043139256878
749.5 1.0307760016125198
750.0 0.7300138966408068
750.5 1.132698279236493
751.0 0.44993207223529197
751.5 0.5688559760591669
752.0 0.7213019997706238
752.5 1.5372946328237895
753.0 0.7354829946565162
753.5 0.9640937879880215
754.0 1.3660895539928632
754.5 1.163568538075537
755.0 1.3107570022516115
755.5 0.9603958359371171
756.0 1.2002735933840396
756.5 1.09857876604354
757.0 0.6353248675398868
757.5 1.4409905454524754
758.0 1.0089210746921644
758.5 1.3798273278100348
759.0 1.1224711981877018
759.5 0.8581253856745665
760.0 0.980689787955098
760.5 0.8537922729541445
761.0 1.3056337587104263
761.5 0.44630219549300765
762.0 1.0839147381763152
762.5 1.817190644468904
763.0 1.2911655218125864
763.5 1.1202266830533
764.0 0.9360933384975322
764.5 1.3678703276198343
765.0 1.6671549864908526
765.5 1.074121650813369
766.0 1.1485368438145516
766.5 1.207238877796407
767.0 0.8788355075336556
767.5 1.6685563981360954
768.0 1.0160022655855934
768.5 1.2743837431685896
769.0 0.6026418206735109
769.5 0.7542911824698378
770.0 1.2721950635797246
770.5 1.5504236923985322
771.0 1.3183568485096133
771.5 1.4277755730067625
772.0 1.9135601054231466
772.5 0.8312866715536893
773.0 1.459041019452731
773.5 1.2159590718024336
774.0 0.8632387980325514
774.5 0.48246437235652706
775.0 0.781448703565522
775.5 1.4444434454601836
776.0 0.9189382941156131
776.5 0.7018757885370276
777.0 1.4388629818130299
777.5 1.186889004635506
778.0 1.0599128807502076
778.5 1.1959322171575497
779.0 0.8653910056232109
779.5 0.6284350727482868
780.0 1.6498075640396155
780.5 0.6953969796033388
781.0 0.6639991098414918
781.5 0.48881873908466794
782.0 0.9970522496931317
782.5 1.2061153251089862
783.0 0.8806628777767875
783.5 0.9307104276798267
784.0 0.7223938122180223
784.5 0.8272538991396315
785.0 0.39161605671195765
785.5 0.39119842678920136
786.0 0.635293661814934
786.5 0.7694428892257432
787.0 0.7131197641722105
787.5 0.7784846365420981
788.0 1.2104713513832335
788.5 1.0645043555140388
789.0 0.32512256759866554
789.5 1.1888355575195568
790.0 1.0005050822462769
790.5 0.9003182323570439
791.0 0.5178767999372162
791.5 0.8584247353848145
792.0 1.2026387900276698
792.5 0.9073555993794818
793.0 1.1891087637600422
793.5 0.5618786520345662
794.0 0.6195838431892422
794.5 0.6714528948839785
795.0 1.015316734278207
795.5 1.073125822924991
796.0 1.3215680021976826
796.5 0.9000502475598982
797.0 0.606607210317681
797.5 0.8599095727538999
798.0 0.8862900631402477
798.5 0.6149185699016336
799.0 1.2566226701325087
799.5 0.9252769390503005
800.0 1.0203792507212865
800.5 0.9255737356826623
801.0 0.7825225400349078
801.5 0.8748839803238393
802.0 1.2620773403363308
802.5 0.8551245565139529
803.0 1.0275007036725383
803.5 0.379073204722446
804.0 0.7373808032938999
804.5 1.5453198029841766
805.0 0.8058443411952857
805.5 1.3594559010091216
806.0 1.3181493417640384
806.5 0.8891534230256185
807.0 1.3030686007247092
807.5 1.0434697519844633
808.0 1.382327833211464
808.5 0.6388901691948663
809.0 1.21696206786119
809.5 1.3792012329258263
810.0 1.0241243409914258
810.5 1.180196390727044
811.0 1.20458854355332
811.5 0.9762831511791874
812.0 1.0270978922893292
812.5 0.978287371819486
813.0 1.0592305628005354
813.5 1.5371816499433208
814.0 1.843283706206857
814.5 0.2
815.0 0.900735283353848
815.5 0.7557833352422504
816.0 1.6738818851599424
816.5 1.0787233489797496
817.0 0.8779516055341126
817.5 0.2
818.0 0.9165210553312108
818.5 0.5589723300230268
819.0 1.6202698650315255
819.5 1.9267719132614207
820.0 0.7648197045656036
820.5 1.5248308494752174
821.0 1.0540000698178544
821.5 0.7089623897023151
822.0 1.0819620602310942
822.5 0.7300859354234106
823.0 0.905816952710764
823.5 0.6357653657342284
824.0 0.9730742059616166
824.5 0.9180537441589481
825.0 1.4673020351741721
825.5 0.5328010712398977
826.0 1.2704499472441024
826.5 0.6970915241957438
827.0 0.4128678367591335
827.5 1.458989992887421
828.0 1.1323487401638745
828.5 1.087569958432392
829.0 0.6563463768762812
829.5 1.1553130478731584
830.0 0.9894805436841997
830.5 1.2431110597259094
831.0 1.2959245277744693
831.5 1.5199935331101093
832.0 1.8894038213490143
832.5 0.9165212203421491
833.0 1.454225223721119
833.5 1.1477027056165352
834.0 1.2559961604840248
834.5 0.529546527534464
835.0 1.4514959041332445
835.5 1.8095654757312825
836.0 0.40290635489506077
836.5 0.36257825183347686
837.0 0.6233626063462987
837.5 1.2680475489647107
838.0 0.8021354152025764
838.5 0.8037632352741408
839.0 0.8967136622528037
839.5 0.6667960664571337
840.0 0.21286032663127596
840.5 0.838237853223153
841.0 1.1012877243492585
841.5 1.0472949867722305
842.0 0.8511751475635879
842.5 0.7588646174749301
843.0 0.5013642390467042
843.5 1.8410248524482333
844.0 1.118356293302905
844.5 0.9922255611242419
845.0 0.7747373233255079
845.5 1.0117316236255645
846.0 1.7034003221555691
846.5 1.0298863051222715
847.0 0.8124885075467327
847.5 0.9680938374764904
848.0 0.919171492733518
848.5 0.704911242760975
849.0 0.8759401366436883
849.5 1.1359842180610975
850.0 2.2168734991160925
850.5 1.336670780447605
851.0 0.4458970912574799
851.5 1.5030595408271026
852.0 0.8804871677538497
852.5 0.8671780074378619
853.0 0.8438839062432406
853.5 0.7362561119605695
854.0 0.7622478534544641
854.5 0.7691748673949628
855.0 1.091233006711777
855.5 0.9718351519235502
856.0 1.3035578529445266
856.5 0.7499176704146697
857.0 0.9770856700668533
857.5 0.6913633206335917
858.0 0.8168338254919217
858.5 1.9192637401392352
859.0 1.541012207541879
859.5 1.1060401409382972
860.0 1.3105360253768676
860.5 1.7964266242449862
861.0 0.8694784815413491
861.5 1.3914444071033873
862.0 1.2759985009710078
862.5 1.5026387819124234
863.0 1.0613296043069815
863.5 1.5968935680558847
864.0 1.007438148137031
864.5 0.7843820376284358
865.0 1.1668365315884552
865.5 0.8421568439070519
866.0 0.975045596490639
866.5 0.28697949019576274
867.0 0.5590352502242674
867.5 0.8061128055529183
868.0 1.1066589018065618
868.5 0.7661158670889432
869.0 0.7612242068629386
869.5 1.1621845377240518
870.0 1.1355606099530746
870.5 0.261256579191363
871.0 1.0284625709198811
871.5 1.0743179732486812
872.0 1.0209371389524715
872.5 1.0864737942728833
873.0 1.2683009851697429
873.5 0.8524192406508415
874.0 1.854927775942659
874.5 0.5790928363222527
875.0 1.0740557145882286
875.5 1.4055844743764974
876.0 1.5246632623712237
876.5 0.5183885362568991
877.0 0.726072865463668
877.5 0.8484552891648962
878.0 0.7422128016649869
878.5 0.6787124301960896
879.0 1.0587363813461774
879.5 0.9316712708612922
880.0 1.3850356139042832
880.5 0.6928286623757266
881.0 1.2250225568174478
881.5 0.7098302531880625
882.0 0.6515211202908482
882.5 0.9641949295695857
883.0 0.8183765280787382
883.5 0.791054320486449
884.0 1.1435021975229533
884.5 0.8983545289003873
885.0 0.8069072242804398
885.5 0.7529602824937207
886.0 1.0555898006685809
886.5 1.3481053095732143
887.0 1.1202283129619008
887.5 1.4518852119620216
888.0 0.8016293781424719
888.5 0.8356030735316395
889.0 1.2349022723775316
889.5 1.6200990262204606
890.0 0.494529948124921
890.5 0.7071215195809972
891.0 0.7462828435023903
891.5 1.0513917885264261
892.0 0.6446660098310127
892.5 0.9148674028785563
893.0 0.8528685296059488
893.5 0.7331400109670594
894.0 0.8334938644486876
894.5 0.8271618736308602
895.0 0.5219650000885615
895.5 0.9961794202020877
896.0 0.4098934756259268
896.5 1.265668986540498
897.0 1.0015209349094198
897.5 0.6617103129210857
898.0 1.18472148188745
898.5 1.116019120547633
899.0 0.820662584650784
899.5 0.9772011115558595
900.0 1.5567643799482016
900.5 1.0830884197651645
901.0 0.9685381967662219
901.5 1.1074876035220211
902.0 0.918912784922646
902.5 0.8085201772238046
903.0 0.4555487976411368
903.5 0.9787188884781676
904.0 0.9360627665092478
904.5 0.8191167773030913
905.0 1.1250786545824276
905.5 1.0077833928322182
906.0 0.5344083156459823
906.5 0.7737848314363163
907.0 0.755291121184116
907.5 1.0362118558113882
908.0 1.4699250415790321
908.5 0.7423350488385536
909.0 0.6096957938356682
909.5 0.7050685572652617
910.0 1.8549173968886747
910.5 0.4162687666976183
911.0 1.540885297494662
911.5 1.3795060475222458
912.0 1.0687801711464324
912.5 0.607760151520203
913.0 1.0002452939013742
913.5 0.8495006933650304
914.0 1.1831662025494971
914.5 1.5058471620233291
915.0 1.527743406224218
915.5 0.9836091401601111
916.0 0.9283422188335543
916.5 0.7583306050603937
917.0 0.5663213040898949
917.5 1.128175567401981
918.0 0.5697700753404631
918.5 0.7513117805289772
919.0 2.3997247521780896
919.5 0.66340491046232
920.0 0.8069722243051112
920.5 1.2420639144300032
921.0 0.9288963213577509
921.5 0.5311136249676582
922.0 0.5812635348128756
922.5 0.9543784957833041
923.0 1.0414100114904183
923.5 0.9089486915900586
924.0 0.8523192006803936
924.5 1.0224473782165047
925.0 1.4469353125348388
925.5 1.145048930402349
926.0 2.2834661758493793
926.5 0.609264678143429
927.0 0.7668566917126503
927.5 1.0834655810792322
928.0 1.4148336158934993
928.5 0.8888354580907292
929.0 1.1424670910367225
929.5 0.48935319558980545
930.0 1.2307458192791674
930.5 0.39166315302426147
931.0 1.2597329977057006
931.5 0.7237751186209658
932.0 1.6853466802074935
932.5 0.9562681519303377
933.0 1.1472099113883079
933.5 0.8369130412441927
934.0 0.5723563829230296
934.5 1.4923885571370938
935.0 1.5833428596980104
935.5 1.156239718507125
936.0 0.2
936.5 1.0894838439919883
937.0 0.7965870408780289
937.5 0.2
938.0 0.6425645316132088
938.5 1.9874012363553528
939.0 0.563271597952379
939.5 1.1913951539045913
940.0 1.2147036989109585
940.5 0.8469860895992857
941.0 0.795031580482916
941.5 1.1683885270816181
942.0 0.45005486974884623
942.5 0.8266422713729109
943.0 1.0549986916713863
943.5 0.4364961589219316
944.0 1.1697525111820786
944.5 0.9695151605239692
945.0 0.7646142766745616
945.5 2.0577731824324
946.0 0.9780995221901492
946.5 0.8867555989864355
947.0 1.2268349902785802
947.5 1.2932331347601358
948.0 1.1579923233414409
948.5 0.9907816192534229
949.0 1.4544613439982816
949.5 0.7280734636608797
950.0 0.9608000441599871
950.5 1.3487493667350319
951.0 0.8881969822228221
951.5 1.175934736186435
952.0 1.415687149175819
952.5 1.1927074961888902
953.0 0.5877410183668087
953.5 2.0182833772233892
954.0 0.6761160345400583
954.5 0.7408434267567788
955.0 0.9442698048535382
955.5 0.8489747283043989
956.0 0.5819214021170294
956.5 0.5603548024119073
957.0 1.6463199309688559
957.5 0.8635602114325341
958.0 1.4856824618135334
958.5 0.9158347431914984
959.0 1.3977795833453261
959.5 0.9443750370462017
960.0 0.2
960.5 0.5436818070901732
961.0 0.7658040771685118
961.5 0.44005800026726966
962.0 0.9053609854872213
962.5 1.0520188372186494
963.0 1.0792018798886516
963.5 0.9605728919705802
964.0 0.9117779146108441
964.5 0.591855732356574
965.0 0.7166209826575116
965.5 1.3360728001161193
966.0 1.0838429718487173
966.5 0.9907265656711783
967.0 0.7131211396022166
967.5 1.9603387610317071
968.0 0.82104478588642
968.5 0.7112929875874203
969.0 0.8048301450606024
969.5 1.0794316458209496
970.0 0.9269967999346425
970.5 1.7967570449972974
971.0 1.4030287743922902
971.5 0.4710440300443979
972.0 1.1654798258192312
972.5 1.0595012822964398
973.0 1.1185803953630815
973.5 0.775065886244654
974.0 1.3066591364974485
974.5 0.31796334109898905
975.0 0.9145438975419311
975.5 0.6925580253626711
976.0 0.4140498910437801
976.5 1.0165793612397855
977.0 1.4046719708155673
977.5 0.2
978.0 1.1600468865578413
978.5 0.40602185822861386
979.0 0.9774791577298704
979.5 1.0242770365185323
980.0 1.0003805681228157
980.5 0.5615263651921746
981.0 1.3310196880587641
981.5 0.8768851683747504
982.0 0.8609883681435186
982.5 0.9332338867029569
983.0 0.5835726300462637
983.5 0.9666909031125995
984.0 0.9244043442025964
984.5 0.909945867393202
985.0 1.3644076190091274
985.5 2.25059464553375
986.0 0.7838269070915859
986.5 1.6893657664640696
987.0 1.7232707200601363
987.5 0.6092049694661429
988.0 0.6600147004529027
988.5 1.5871121242899586
989.0 1.0041842325731225
989.5 1.3247902918073806
990.0 0.8533841848381982
990.5 0.7021297064679531
991.0 0.8489445066877648
991.5 0.8828929973881738
992.0 0.9129959324570381
992.5 0.6075308038907653
993.0 1.3764942141077068
993.5 1.3282403546634738
994.0 1.1654301669151987
994.5 1.4890695150664501
995.0 0.510716853074141
995.5 0.9693176388284214
996.0 0.7474673378525938
996.5 0.5950085713110187
997.0 0.9697290896834306
997.5 0.668148903236419
998.0 0.7308146142904247
998.5 1.0510245666436862
999.0 0.6977450794162497
999.5 0.5008408206740395
1000.0 0.7999143074725787
1000.5 1.1793920223749232
1001.0 0.8399966610360988
1001.5 0.5943117610129954
1002.0 0.7391346617591266
1002.5 1.206244684899864
1003.0 1.0404679959572873
1003.5 0.6758977943883223
1004.0 0.47203058908459133
1004.5 0.48021338557498794
1005.0 0.5741397744272168
1005.5 0.5659543444417177
1006.0 0.2956812089435358
1006.5 0.9086236200381799
1007.0 1.9790120164560001
1007.5 0.7808363929192381
1008.0 1.4654283783895532
1008.5 0.6660639168801985
1009.0 1.117842925728457
1009.5 1.1306195090520212
1010.0 0.6758849925961468
1010.5 1.7085855586651681
1011.0 0.7468804623106379
1011.5 0.8419379608996476
1012.0 0.7094146847677167
1012.5 1.1467249775394825
1013.0 1.6422937416975345
1013.5 0.7454936082805927
1014.0 1.1005960934475398
1014.5 1.2077238358362021
1015.0 1.0117562507704987
1015.5 0.5597894110199378
1016.0 0.2609957514998855
1016.5 1.1926699632593156
1017.0 1.2994976148096509
1017.5 0.6843778328945964
1018.0 0.598624496645323
1018.5 0.6421388428909988
1019.0 1.0049981962981835
1019.5 0.8198765566497739
1020.0 0.3675933462917609
1020.5 0.7841973669186932
1021.0 0.6994027872169075
1021.5 0.36066193666906776
1022.0 0.6850253490206437
1022.5 1.3687182019076634
1023.0 0.8710713432968974
1023.5 1.0738582482456918
1024.0 0.8599954682751834
1024.5 0.4480525753174004
1025.0 0.991105216027688
1025.5 0.6178619757113328
1026.0 0.7519011071493172
1026.5 1.436042975768839
1027.0 0.6312484690676473
1027.5 1.3124970172796835
1028.0 0.6216273583998901
1028.5 0.8715935461647748
1029.0 1.18259427969092
1029.5 1.3677120094208752
1030.0 0.49715993141162745
1030.5 0.6402443962722075
1031.0 0.6894788831915223
1031.5 1.3684084452887013
1032.0 1.4576817331111012
1032.5 1.0184701760106658
1033.0 0.9294255350724292
1033.5 1.5264407584098836
1034.0 1.7506905827154249
1034.5 0.8846930573010937
1035.0 1.56738357111263
1035.5 0.47685363052815305
1036.0 1.0845087022874846
1036.5 0.5953875237445654
1037.0 1.17802620659296
1037.5 1.0049553172127812
1038.0 0.8588471333845902
1038.5 1.6096758263552071
1039.0 0.9539876712972344
1039.5 0.5439561433248031
1040.0 0.8936787235704065
1040.5 0.8558414095452334
1041.0 0.6496716780861357
1041.5 1.2241328367597935
1042.0 0.7789492174584912
1042.5 1.020041867881929
1043.0 1.4513255973022856
1043.5 0.8236980242543183
1044.0 1.0564444686944863
1044.5 1.2872773805700444
1045.0 0.6958778145685197
1045.5 0.9171222798073019
1046.0 0.7062064881910324
1046.5 0.2
1047.0 0.7480633816091136
1047.5 1.439659059606528
1048.0 1.0247932593666165
1048.5 0.8545174843280489
1049.0 0.7933102051942507
1049.5 1.2396975111717794
1050.0 1.5382635099268054
1050.5 0.6554500919501791
1051.0 0.5239495157702212
1051.5 0.5916487332350059
1052.0 1.3167634663947259
1052.5 0.9136652893036901
1053.0 0.6442394671287459
1053.5 1.0393686378899603
1054.0 0.9596306865747469
1054.5 1.3865818626244861
1055.0 1.1732225953735504
1055.5 0.7999458266907891
1056.0 0.49581222952687576
1056.5 1.8289557304101214
1057.0 0.7501585989012313
1057.5 0.44937984185700286
1058.0 1.0369280262464935
1058.5 1.249526531370869
1059.0 1.1307410437326395
1059.5 0.30799598835260544
1060.0 0.848925479482505
1060.5 1.2603912882905668
1061.0 0.9419343059000514
1061.5 1.4598004421494515
1062.0 0.9487580865795704
1062.5 0.9754104434621851
1063.0 1.579225136223462
1063.5 0.9964431383110166
1064.0 1.0041708869945687
1064.5 0.6626137517512604
1065.0 0.680977282522387
1065.5 0.798005282931388
1066.0 1.00753225733396
1066.5 0.7696018015982774
1067.0 0.5524398345634554
1067.5 0.8792237175843558
1068.0 0.8842614666504358
1068.5 0.9416613495455015
1069.0 0.8413010778174532
1069.5 1.391029031551224
1070.0 1.3709925393051072
1070.5 1.444921662391513
1071.0 0.9141807016659461
1071.5 1.1236361420382863
1072.0 0.6638575964402617
1072.5 0.8990188710582239
1073.0 1.642062594424809
1073.5 0.9541147877144966
1074.0 0.6437793168304508
1074.5 0.9795267068112892
1075.0 0.8800515063467805
1075.5 1.287176785897937
1076.0 0.912777614504735
1076.5 0.9430973804268666
1077.0 1.456326473661154
1077.5 0.8272993683500809
1078.0 1.5275592798631694
1078.5 1.0630203523442687
1079.0 0.5277036120431002
1079.5 0.9526889937807993
1080.0 1.501529940254951
1080.5 1.0523998691314609
1081.0 1.6115362715042336
1081.5 1.5591997110379507
1082.0 0.6255637698911551
1082.5 0.5956685058753199
1083.0 0.8264167885589375
1083.5 0.7808838366388086
1084.0 1.4456120113526403
1084.5 0.99021627291753
1085.0 0.9013924747985784
1085.5 1.6623928111141968
1086.0 0.6741297133233377
1086.5 1.0067357420538805
1087.0 0.6435433348038505
1087.5 1.058636591170349
1088.0 0.9525317024238362
1088.5 1.205906730896896
1089.0 1.1930296702535204
1089.5 1.111143776791581
1090.0 0.40621814225621417
1090.5 0.9731856095114519
1091.0 0.6839058836308933
1091.5 0.5389749232992808
1092.0 0.3903820486100473
1092.5 0.8611007416230536
1093.0 0.6914223956658052
1093.5 1.622843322042859
1094.0 0.4866224369165666
1094.5 1.2099795715654857
1095.0 0.7873648870543344
1095.5 0.8152902407099384
1096.0 0.9200966123172697
1096.5 0.5891402057646548
1097.0 1.1520611635848523
1097.5 1.1421013617864917
1098.0 1.1591215652803442
1098.5 0.5476222739452945
1099.0 1.1572397505065455
1099.5 0.9463314003297839
1100.0 0.9721641812835331
1100.5 0.6727264970618567
1101.0 0.637277610820835
1101.5 0.8657840081817793
1102.0 0.4282859913259349
1102.5 0.6264464181999194
1103.0 1.230101063217921
1103.5 0.9211281623684924
1104.0 1.0148952361583392
1104.5 1.194073268646417
1105.0 0.752510090286135
1105.5 0.8842473853247715
1106.0 1.0692144637160097
1106.5 0.2
1107.0 1.9747564932816117
1107.5 0.6698970797297571
1108.0 0.6380618022208697
1108.5 0.8034317123836856
1109.0 0.6562762602171162
1109.5 1.025524636464287
1110.0 0.6314053749314991
1110.5 0.7565299525354716
1111.0 0.9596601218938057
1111.5 0.7844981998251201
1112.0 1.3931004186496332
1112.5 0.9444457645857175
1113.0 0.4587937516826617
1113.5 0.7482585419705363
1114.0 0.7186331690443037
1114.5 1.120589085637381
1115.0 0.7694557449802022
1115.5 0.7919260299918944
1116.0 1.635917611799497
1116.5 0.9368741212360023
1117.0 1.3083990742176557
1117.5 0.7513757093914515
1118.0 0.7391999346940173
1118.5 0.738557655617248
1119.0 1.3175214283599102
1119.5 0.23247370686290825
1120.0 0.7542001371379479
1120.5 0.7613761337982965
1121.0 0.8051125841980218
1121.5 0.6999009456781772
1122.0 0.7084617167546179
1122.5 0.6240709710615793
1123.0 0.8156562496489637
1123.5 0.9104047410631795
1124.0 1.02436672145422
1124.5 1.0081739448052183
1125.0 1.3307621299183583
1125.5 0.7403485907168326
1126.0 1.511662766463817
1126.5 1.3589124671486092
1127.0 0.621117463583384
1127.5 1.6736019326353868
1128.0 0.37411728894595697
1128.5 0.9124939059501738
1129.0 1.473322280799527
1129.5 0.7409835894923648
1130.0 0.6129840675904766
1130.5 1.504328921129115
1131.0 2.207420980935194
1131.5 1.3078669710440876
1132.0 0.7395605471894251
1132.5 1.1885943719584864
1133.0 0.7844235547341682
1133.5 0.9024424300057451
1134.0 0.7681786133155785
1134.5 0.9895730180398811
1135.0 0.8964614806158102
1135.5 0.6738026305441092
1136.0 1.0695457531457149
1136.5 1.7079807949131003
1137.0 1.0675861227091916
1137.5 1.4650211881196746
1138.0 1.5547476054116869
1138.5 0.8141059640605663
1139.0 0.8043366876476165
1139.5 0.8377632860522359
1140.0 1.0864849010235225
1140.5 1.0492607587707687
1141.0 1.0822423894973094
1141.5 0.6393859722769685
1142.0 0.6743456691450874
1142.5 0.8040184511533968
1143.0 1.0545064316124835
1143.5 0.8972224202940842
1144.0 1.0744748337593655
1144.5 0.9389796807570254
1145.0 0.7875293656262017
1145.5 0.5449820434923733
1146.0 0.8403761008103274
1146.5 1.2458097389834588
1147.0 1.261968532243578
1147.5 1.2598294835811115
1148.0 1.252648809629136
1148.5 0.7703635811613094
1149.0 0.741179896484797
1149.5 0.5176732956797644
1150.0 0.9546502145529586
1150.5 0.7873288313074555
1151.0 0.9895131070891545
1151.5 1.554522289603161
1152.0 0.8737985494114191
1152.5 1.43458981045166
1153.0 0.8825614600238532
1153.5 0.6722380107102435
1154.0 0.8471445140536966
1154.5 1.0455815065273812
1155.0 0.6690393517698248
1155.5 1.039370369998997
1156.0 0.4880868943542789
1156.5 0.7958603896189305
1157.0 0.7953117787316226
1157.5 0.30203509158917896
1158.0 0.5893363578702343
1158.5 1.4678506112778766
1159.0 0.8776285399915844
1159.5 0.8016723080677415
1160.0 0.8665090598620289
1160.5 0.7994618183598114
1161.0 0.8757157921694185
1161.5 2.0960307485060854
1162.0 1.8396846455216167
1162.5 0.6481959333372538
1163.0 0.8752719971662797
1163.5 0.9792789467281047
1164.0 0.4890845958884902
1164.5 1.2016152149133834
1165.0 0.8887852073551294
1165.5 1.2599617214170578
1166.0 0.9423041740169156
1166.5 1.0653985452545434
1167.0 0.6148609364725948
1167.5 1.0123700969100229
1168.0 0.4299430136066191
1168.5 1.1523163137511658
1169.0 0.7315548916262493
1169.5 0.8062486493853941
1170.0 0.2
1170.5 1.7524226920483503
1171.0 1.4372049192143703
1171.5 1.436224577700622
1172.0 1.943900582364304
1172.5 0.6924383216225894
1173.0 0.6360113267087364
1173.5 0.932569757483489
1174.0 1.0491997575301213
1174.5 1.0236631732835595
1175.0 1.0028700212510056
1175.5 1.3765326897901722
1176.0 1.069801538043601
1176.5 1.2654275615741524
1177.0 1.9997671603882536
1177.5 0.7220588043702144
1178.0 0.9335136419053902
1178.5 0.9705249351244003
1179.0 1.4767078703085426
1179.5 0.8828619520490202
1180.0 1.5584410095933592
1180.5 1.926367580991613
1181.0 1.3650729595526934
1181.5 0.7609772291882524
1182.0 1.9012671367960956
1182.5 0.48801410996987427
1183.0 0.8379759661663452
1183.5 0.7098861273872545
1184.0 0.8536029685283888
1184.5 1.351524139866292
1185.0 0.6697445579926797
1185.5 0.7103328870338655
1186.0 1.3024672191974038
1186.5 0.5234103769428646
1187.0 1.0170965016772917
1187.5 1.7405333779160856
1188.0 0.6787096844984826
1188.5 1.017314730170851
1189.0 0.8490728983621916
1189.5 2.0363221182785964
1190.0 1.659850976551036
1190.5 1.5184191822976993
1191.0 0.9914957818581512
1191.5 0.6126655118557245
1192.0 1.0818425019891218
1192.5 1.3830873610231307
1193.0 0.2
1193.5 0.9430416513028921
1194.0 1.4051447809428113
1194.5 0.8225519173336413
1195.0 0.6400934487779144
1195.5 0.852823793740475
1196.0 1.6577211295352323
1196.5 0.7986329542010282
1197.0 0.5108339109422629
1197.5 0.7120335803165928
1198.0 0.7378609458052106
1198.5 0.722668913942258
1199.0 1.422038794387103
1199.5 1.2056793192992434
1200.0 0.8939004616976505
1200.5 1.4901316911853668
1201.0 1.0159411053474408
1201.5 0.825498128062272
1202.0 0.5151281276659141
1202.5 0.7737918041167742
1203.0 0.9738587845337633
1203.5 1.3127130874985853
1204.0 1.128820765334974
1204.5 0.9819274679368607
1205.0 0.8565484809675155
1205.5 0.8657193954839979
1206.0 0.8635620724817122
1206.5 0.637835046987848
1207.0 1.0866328752162107
1207.5 0.7816508351364045
1208.0 0.7966268381836114
1208.5 0.6064344052957269
1209.0 0.8737043573451897
1209.5 0.6590167458374756
1210.0 0.8250651299280414
1210.5 0.9307860174523179
1211.0 1.1705425351909562
1211.5 1.5105011172745109
1212.0 0.9482264190611052
1212.5 1.3793852421714567
1213.0 1.0506415068761545
1213.5 1.1062407647021688
1214.0 2.082759558753517
1214.5 0.9811394448955649
1215.0 1.267102549166445
1215.5 1.5870475281687715
1216.0 0.6009223767972673
1216.5 0.5220620839615304
1217.0 0.2640439087262202
1217.5 0.9400337921701581
1218.0 0.6972142386678808
1218.5 0.8451677536166909
1219.0 0.3718322611830478
1219.5 0.6033593245747104
1220.0 0.5893397185379239
1220.5 1.6423261751220593
1221.0 0.8639181221812537
1221.5 0.9889635783609123
1222.0 0.9192618861160746
1222.5 0.6588422416649719
1223.0 0.6225872763047591
1223.5 1.1571328031403687
1224.0 0.8833111237328949
1224.5 1.0640522694422139
1225.0 0.8390990661516098
1225.5 0.36625903752694333
1226.0 1.0688722181435706
1226.5 1.6707898252267555
1227.0 1.0387365141394578
1227.5 1.3025616206263093
1228.0 1.2366053597850097
1228.5 1.2059501302384459
1229.0 0.985098804864391
1229.5 1.1383227810183452
1230.0 0.987223872437799
1230.5 0.7692945510491578
1231.0 0.5098572267175159
1231.5 1.0439776107431704
1232.0 1.0448364930162297
1232.5 0.7030273350148882
1233.0 1.5274425922842823
1233.5 1.2656051387778868
1234.0 1.012652328367732
1234.5 0.7907058447463358
1235.0 0.56113351263308
1235.5 0.9346357638004847
1236.0 1.6296502322839403
1236.5 1.4608586293354127
1237.0 0.849976247672239
1237.5 1.3624949610643262
1238.0 0.8625714221613369
1238.5 0.6892176139128652
1239.0 1.5307674835663174
1239.5 1.068631982646596
1240.0 0.8032728812295749
1240.5 0.662700009648308
1241.0 0.6472990056656203
1241.5 0.935872411066903
1242.0 1.369573921096346
1242.5 0.7857824620902627
1243.0 0.7953741928695187
1243.5 0.25525824113757434
1244.0 0.7421445850963748
1244.5 0.5669800712665546
1245.0 0.8809531485732977
1245.5 0.6595523145484405
1246.0 0.7893747809259838
1246.5 0.9158772700683863
1247.0 1.3751695665812962
1247.5 1.1794605737727046
1248.0 0.7622337811870484
1248.5 1.077028559728496
1249.0 0.6202920568230718
1249.5 0.9573213423791789
1250.0 0.6458512496307796
1250.5 1.027482824203818
1251.0 1.3298348613290294
1251.5 0.5906187935785148
1252.0 0.9869899364238073
1252.5 0.7956959700645312
1253.0 0.6948508778334377
1253.5 0.9233713344495608
1254.0 1.2247933454934956
1254.5 1.1509461398341148
1255.0 0.9337920313131833
1255.5 1.0225258813048104
1256.0 0.8415750731930152
1256.5 1.730127265024993
1257.0 0.6312064401070545
1257.5 1.6221927063273758
1258.0 0.7470684977889714
1258.5 0.6046924289752842
1259.0 0.9969281356589348
1259.5 1.0912268932569686
1260.0 1.542762385180564
1260.5 1.2241182401667152
1261.0 1.1617703445497467
1261.5 0.6495930009053668
1262.0 0.7125204022064193
1262.5 0.782093205021734
1263.0 0.5377747288956183
1263.5 0.7733376053670853
1264.0 0.7722406541935637
1264.5 0.8348349196990958
1265.0 0.8956349808157895
1265.5 1.8660741155533338
1266.0 0.658417228331841
1266.5 1.123570205065617
1267.0 0.5838559544246192
1267.5 1.5351317300817144
1268.0 1.0112536563737906
1268.5 0.861832183951505
1269.0 0.8877789078304649
1269.5 1.298520029385518
1270.0 1.989070051303187
1270.5 0.8160673294349867
1271.0 0.7365254239486726
1271.5 1.5113103177051617
1272.0 0.7231109923973373
1272.5 0.5219448410151849
1273.0 0.6142951866843751
1273.5 0.5164656677132134
1274.0 1.2525874746457282
1274.5 1.0060053759052003
1275.0 0.7096848992162877
1275.5 0.49340784048195746
1276.0 0.6455583621386969
1276.5 1.4321526068390726
1277.0 0.703316825814363
1277.5 0.7863328308813835
1278.0 0.6259507904155456
1278.5 0.9009717773051816
1279.0 0.885039427058084
1279.5 0.8595423423846693
1280.0 0.5424306981032831
1280.5 1.0729967965913851
1281.0 0.9230079599815953
1281.5 1.161704270145076
1282.0 1.0984900311648749
1282.5 1.220980749480344
1283.0 0.6134975640792786
1283.5 1.1459785735122334
1284.0 0.5940069817025393
1284.5 0.9209166240527897
1285.0 0.7885840377643131
1285.5 1.0035567467419408
1286.0 0.7951438364539285
1286.5 0.9403655958772847
1287.0 0.9832821914028163
1287.5 0.6778589674964927
1288.0 1.2916942270077612
1288.5 0.7551873855589268
1289.0 1.2103925716325956
1289.5 0.7890786816396322
1290.0 0.5622901136359828
1290.5 0.7404708082432895
1291.0 1.2516484690343908
1291.5 0.8639503055266597
1292.0 1.3500323242905177
1292.5 0.7709796587678193
1293.0 1.016566554506665
1293.5 0.7634135006177439
1294.0 0.4693227665971008
1294.5 0.9175463637300951
1295.0 1.2173923753233913
1295.5 0.6776051713606221
1296.0 1.0303836195678961
1296.5 0.8606009827257043
1297.0 0.8164809517215854
1297.5 0.8336547754908261
1298.0 1.1634017480334564
1298.5 0.9527894546796474
1299.0 1.2844771645964868
1299.5 0.7853278607803371
1300.0 0.7566836053743031
1300.5 1.4711305761237434
1301.0 1.2896173903833654
1301.5 1.6698903043614495
1302.0 0.7682922510248283
1302.5 1.4777467167070863
1303.0 1.7740125258215764
1303.5 1.8295423928695471
1304.0 0.42429310482961435
1304.5 2.4758944890477625
1305.0 0.5653617186073003
1305.5 0.5533303664176155
1306.0 0.5896102225343615
1306.5 0.45812649462644417
1307.0 0.8642348795333387
1307.5 0.9363553521035044
1308.0 1.1192921132946465
1308.5 0.6213250032274242
1309.0 1.5286448173133915
1309.5 0.2
1310.0 0.9316586910433392
1310.5 1.3508906164283263
1311.0 0.6947684568466697
1311.5 1.6258184372161537
1312.0 1.0957120003851215
1312.5 1.5480525449240963
1313.0 1.546026543133726
1313.5 0.8575679749890244
1314.0 0.7935322673068979
1314.5 1.5177485232159627
1315.0 1.0334221681458926
1315.5 0.8666222897950945
1316.0 1.329419629186546
1316.5 1.2134319247086096
1317.0 0.7165210052712824
1317.5 1.2923323918985692
1318.0 0.8001647062004068
1318.5 0.22989098381668482
1319.0 0.6447000101512202
1319.5 1.3793927494578502
1320.0 0.9394818368758149
1320.5 1.4868707813903184
1321.0 0.8304185234639585
1321.5 0.7740728793831023
1322.0 0.6052443310889211
1322.5 0.915328909242645
1323.0 0.6381421124242908
1323.5 1.004606117898887
1324.0 0.8918579669349482
1324.5 1.097609866086135
1325.0 1.3031712480166369
1325.5 0.8297481698489482
1326.0 0.9518453653229447
1326.5 1.0424046782390195
1327.0 1.3332347174538808
1327.5 0.7191781533604268
1328.0 1.386444691167835
1328.5 0.5413175489401164
1329.0 1.5524737978950376
1329.5 1.8115831804395053
1330.0 1.319336050942922
1330.5 1.37492463975584
1331.0 0.7941180773091413
1331.5 0.7083295993539245
1332.0 0.8979201316705858
1332.5 1.0562873498346732
1333.0 1.712404997034095
1333.5 0.9943687319109809
1334.0 0.9866495418718622
1334.5 0.487620637659254
1335.0 1.915052557756726
1335.5 0.5387204128559573
1336.0 1.4947044801333185
1336.5 1.8458818873974954
1337.0 1.1777251995549363
1337.5 1.117332099087922
1338.0 1.1143348128850263
1338.5 2.0228545261816073
1339.0 0.7587161886198179
1339.5 1.5447741673736495
1340.0 2.1617320481799425
1340.5 1.5318350123898015
1341.0 0.9167373077529191
1341.5 0.9737016315694422
1342.0 0.7294046539123467
1342.5 1.4032349696642172
1343.0 0.9549632823153209
1343.5 0.8615477496971757
1344.0 0.9924707635823147
1344.5 1.7981398430240376
1345.0 1.0370592452831011
1345.5 0.739878166215769
1346.0 1.3711295407211392
1346.5 1.5019931615734876
1347.0 1.0207904196394484
1347.5 0.8858870736560401
1348.0 0.7317908743477911
1348.5 1.3768132873557064
1349.0 1.5328599438786137
1349.5 0.40203990491212166
1350.0 1.016604237852863
1350.5 0.6867823515463065
1351.0 0.8587838876708223
1351.5 1.578947523491546
1352.0 0.5754503452155952
1352.5 0.983351970258086
1353.0 0.7620376099557026
1353.5 0.7779036014599185
1354.0 1.142084239077992
1354.5 1.1271026029467772
1355.0 0.6369301131468675
1355.5 1.2644072115903857
1356.0 0.6094371807604511
1356.5 0.781121765028618
1357.0 1.10476190273308
1357.5 0.9542419718228252
1358.0 0.4687672907740447
1358.5 1.1197384215607524
1359.0 1.4789636380995692
1359.5 1.092313591144697
1360.0 0.7163485230990606
1360.5 1.3517949954566166
1361.0 0.8162381139596036
1361.5 0.7816708141910376
1362.0 1.1915197326356637
1362.5 1.3037376317067655
1363.0 1.5876353318777485
1363.5 0.838459904743236
1364.0 0.8217342589522982
1364.5 1.0918165519579364
1365.0 1.0116058288679097
1365.5 1.2341712335032518
1366.0 0.7458497205220911
1366.5 0.7089678294643156
1367.0 1.2595381851382799
1367.5 1.4857578683844512
1368.0 0.35934903333377577
1368.5 1.2101966632728254
1369.0 1.3151114502083185
1369.5 1.1516862473312361
1370.0 0.5340899826702985
1370.5 1.5484048580386802
1371.0 1.1229617208835292
1371.5 0.7954607474933602
1372.0 0.9323743493966594
1372.5 1.279723960950276
1373.0 1.171347035070394
1373.5 1.0525267049323859
1374.0 0.47655419100055374
1374.5 0.9441911068840765
1375.0 0.9526890017677223
1375.5 1.175764261219427
1376.0 1.0162368295793736
1376.5 0.6029335506913476
1377.0 0.8109467281233436
1377.5 1.315544372667353
1378.0 0.8464504852512611
1378.5 0.6224481807964949
1379.0 1.2418164382194457
1379.5 1.6403620992043515
1380.0 0.6929111067892162
1380.5 0.9175027585227232
1381.0 0.8010380177323289
1381.5 0.8006422666388533
1382.0 0.7857042495569135
1382.5 1.7354498043837254
1383.0 1.0386055277663802
1383.5 1.3529057486896807
1384.0 0.7549981122511288
1384.5 1.1708675978037153
1385.0 0.8868544436650316
1385.5 0.886180603728585
1386.0 0.9843206743801948
1386.5 0.8264216776223754
1387.0 0.8427838017183065
1387.5 0.6481049086679993
1388.0 0.7607097124111204
1388.5 0.71278998900146
1389.0 0.8453772839094771
1389.5 1.4236399362048682
1390.0 0.659918078392344
1390.5 1.7905784347420681
1391.0 1.1960186957694223
1391.5 0.5247758037405043
1392.0 0.48024554799367836
1392.5 1.2306896366928375
1393.0 0.8926909059338142
1393.5 1.047569216764415
1394.0 1.0430688789902076
1394.5 1.6326299196063259
1395.0 0.6111310982888551
1395.5 1.1475600641398478
1396.0 1.1536133747105222
1396.5 1.0499819809351538
1397.0 0.5412871676226569
1397.5 1.3813473427419285
1398.0 0.7688130403493318
1398.5 0.445352392098319
1399.0 1.4393092091355768
1399.5 0.9472892326687038
1400.0 1.2214454843056766
1400.5 1.106235188760341
1401.0 0.6660206830240653
1401.5 0.5537303259191351
1402.0 0.6978642855915325
1402.5 1.0209258154311884
1403.0 0.633971990823738
1403.5 1.1210677632979191
1404.0 0.7475981450018152
1404.5 0.6008388916555962
1405.0 0.5742014188451285
1405.5 0.9654705627603865
1406.0 1.043072389617095
1406.5 0.703028712169131
1407.0 0.6049926913462484
1407.5 0.5687786671511604
1408.0 0.7301770613209921
1408.5 1.6280003350412495
1409.0 0.5187225053861613
1409.5 0.9835719101061178
1410.0 0.727469726797103
1410.5 0.5615054303398688
1411.0 1.3046928302226188
1411.5 0.6361485459927789
1412.0 0.7180827738616937
1412.5 0.7861935073152124
1413.0 0.8470643063893653
1413.5 1.0093519316759205
1414.0 0.8998072287964263
1414.5 0.7121097896597874
1415.0 1.0187366332569212
1415.5 0.43884214131365945
1416.0 1.2581300347000477
1416.5 1.1017361406570672
1417.0 1.046941709813152
1417.5 0.41736642678134706
1418.0 1.0618368424336424
1418.5 1.2347517256255904
1419.0 0.825091491768475
1419.5 1.2514240093582356
1420.0 0.7554084692483698
1420.5 0.7820597066550419
1421.0 1.5532793637969753
1421.5 1.0785634055467124
1422.0 1.842172822192305
1422.5 0.9367833383294779
1423.0 1.1206134286178169
1423.5 0.9447968871146095
1424.0 1.1203045169645218
1424.5 1.9350160466312976
1425.0 0.7120031706012444
1425.5 1.6007327072783986
1426.0 1.907908171773466
1426.5 0.8695492619960319
1427.0 1.1298580753106875
1427.5 1.7503178816908758
1428.0 0.3710517483981951
1428.5 1.3129454132295713
1429.0 0.5696086888135908
1429.5 0.8457739575164935
1430.0 1.9105855368654239
1430.5 1.1715670002888396
1431.0 0.7711498671702277
1431.5 1.6249060540324018
1432.0 0.9563573176429808
1432.5 0.8477269034560886
1433.0 1.668245382228939
1433.5 0.9572564020707816
1434.0 0.791391264976524
1434.5 0.7189972836110389
1435.0 1.2391006738301789
1435.5 0.6824636220461955
1436.0 1.1386321845820289
1436.5 0.8665669874716407
1437.0 1.3369506306890808
1437.5 0.9382985270809652
1438.0 0.514430769110214
1438.5 1.3141031117393327
1439.0 0.5688481356319512
1439.5 1.0131460075584935
