0 0.933024969293685
0.5 1.015633463955408
1.0 1.5831679501867408
1.5 1.1817895210608562
2.0 1.3383060929476729
2.5 0.6116574494936522
3.0 0.5690252399680171
3.5 1.1614326908505528
4.0 1.1183698064580234
4.5 0.9648118105046426
5.0 1.1116365448710663
5.5 0.9861638342105505
6.0 1.396825919758046
6.5 0.702062841867305
7.0 1.0471887327313327
7.5 1.319723583942252
8.0 1.276553042278754
8.5 0.9920411317089607
9.0 1.1355667001222893
9.5 0.7484376920035853
10.0 1.3736864658909715
10.5 1.2685062594423266
11.0 1.3927828387964998
11.5 1.3492631723738477
12.0 1.1682813213143102
12.5 1.5725348283493576
13.0 1.5786938035456237
13.5 1.3948016157065943
14.0 0.7728249937548659
14.5 0.41562393418288346
15.0 0.8094963878342577
15.5 1.131960619748829
16.0 0.7281719318204407
16.5 0.5993956936372632
17.0 1.9746703003599295
17.5 0.5267606749265371
18.0 0.9601485090348467
18.5 1.1905974486273325
19.0 1.429586324631173
19.5 1.2402327810700102
20.0 0.5642371591554782
20.5 0.8559780262090236
21.0 1.4988379435149524
21.5 1.0182128129143866
22.0 0.8945022959734343
22.5 1.4091241447290446
23.0 0.835793348633255
23.5 0.8619559486279927
24.0 0.8127341892798915
24.5 0.9541904105230802
25.0 0.7794232051664107
25.5 0.6397604340995405
26.0 1.0267868784230636
26.5 0.7203782748213905
27.0 0.8533863096144746
27.5 0.9787961507118411
28.0 0.4948120129598154
28.5 0.8137427517956848
29.0 0.7945054884827316
29.5 0.7786800678163932
30.0 0.747226647135144
30.5 1.3181245249859979
31.0 1.5823186712071866
31.5 0.8562808601128751
32.0 0.6055799633517389
32.5 0.705267863368378
33.0 0.9808245948854556
33.5 0.5843538245516426
34.0 0.7413505307282655
34.5 1.3436860070120642
35.0 1.2838008540654227
35.5 0.8218587293390972
36.0 1.6684925845474736
36.5 1.028409159426908
37.0 0.5503851915844715
37.5 1.581367306993998
38.0 0.7520316351624847
38.5 0.5533166575850195
39.0 0.8146139559317662
39.5 1.2475833474429452
40.0 1.0079265580604837
40.5 1.1619157205990236
41.0 1.4925675574127313
41.5 0.8256106028338412
42.0 0.5040074419294032
42.5 1.4220961829944532
43.0 1.1338850115928394
43.5 0.3764068831384061
44.0 0.9473396914183919
44.5 0.6855317821119024
45.0 1.033945938354534
45.5 0.7089939552399003
46.0 0.7700538706099658
46.5 1.0217085424112848
47.0 0.7554536598260193
47.5 0.5878442839562751
48.0 0.6724732578601489
48.5 1.6528050042680993
49.0 1.2639768540094303
49.5 1.0145582409356946
50.0 0.7701758380981163
50.5 1.4780272209827356
51.0 0.9033524801799714
51.5 0.784862270928764
52.0 0.8611988160040319
52.5 1.084470720318069
53.0 1.1400451014399717
53.5 0.7264996858327577
54.0 0.9932042434889348
54.5 0.9401481346149745
55.0 1.0400979863212285
55.5 1.2781601904490514
56.0 0.7698404747064495
56.5 1.1983606525298982
57.0 0.8108317351550249
57.5 0.7765787415550706
58.0 0.27264622808520766
58.5 1.0991029785708109
59.0 0.5565200054745694
59.5 0.979551338984279
60.0 1.0901862342734328
60.5 0.5973984495222034
61.0 0.8334177666407636
61.5 0.7326606178858088
62.0 1.3448897470368215
62.5 0.9907749026023667
63.0 0.7252909668771246
63.5 0.3201127577874354
64.0 0.801797689721061
64.5 0.6382545394764407
65.0 1.5271003817325295
65.5 0.8842059895240261
66.0 0.6207311607427474
66.5 0.4894397175290337
67.0 2.151129620953231
67.5 1.083730033576418
68.0 1.1980314668899583
68.5 0.6233243416905487
69.0 0.7056484051725139
69.5 0.7579670859699588
70.0 1.498019876683506
70.5 0.9798792776163826
71.0 0.9946695227518891
71.5 1.58785584808092
72.0 0.6648892666863941
72.5 1.6739182697155632
73.0 0.9064402629567965
73.5 1.5786460418194546
74.0 0.9123923628231148
74.5 0.8259041158832088
75.0 1.828522965394996
75.5 1.0704417386868086
76.0 0.9120361953332313
76.5 0.8081420327578521
77.0 0.3572406009728258
77.5 1.2466482100043768
78.0 0.97613869544629
78.5 1.0559742529574587
79.0 1.2822511155327645
79.5 0.8786392202383028
80.0 0.6691764406743872
80.5 1.722240810530053
81.0 0.924720556949858
81.5 1.0545683532084011
82.0 1.1625779747741523
82.5 0.5151121629277717
83.0 1.237861066451297
83.5 0.6463406761191008
84.0 0.882614012418711
84.5 0.8985670817920948
85.0 0.9311749844804407
85.5 0.7032922039947708
86.0 0.9992311265710458
86.5 1.3234554425608103
87.0 1.2623725901925955
87.5 0.8087043497966225
88.0 0.8307574292886146
88.5 0.8380644170756664
89.0 1.0421304754517047
89.5 0.7991072384379495
90.0 0.7433755670705582
90.5 0.6543913357419464
91.0 0.4868344518461562
91.5 1.632607970493511
92.0 0.4619640243986818
92.5 0.8241368399269776
93.0 0.7688236686117675
93.5 1.5943560321235315
94.0 0.6839705165110068
94.5 0.7201241249281806
95.0 1.1101313952160141
95.5 0.39531608271008156
96.0 0.8608758487390308
96.5 1.3442077229828855
97.0 0.9904871538420331
97.5 0.7457988721616864
98.0 1.63158331568468
98.5 0.7402516496751382
99.0 0.7818078790728467
99.5 1.207214144744826
100.0 0.7968717105056288
100.5 1.0363274534016507
101.0 1.1966690088837755
101.5 1.1981837586258335
102.0 1.253937967418087
102.5 1.5294291584795334
103.0 0.8688797582127964
103.5 1.1864605522319178
104.0 0.9964189267397356
104.5 0.8945816461470724
105.0 0.8911737113864934
105.5 0.841948933612091
106.0 1.9120450667597626
106.5 0.7347959363117152
107.0 1.254208740200983
107.5 1.3511592383049218
108.0 0.35145997806642437
108.5 0.7366687670749491
109.0 0.9851258782705639
109.5 1.2487382630600115
110.0 2.03077248448889
110.5 1.9553627541680152
111.0 1.1628022183978945
111.5 1.0367193306875075
112.0 1.113048467650812
112.5 1.0284956785787664
113.0 1.4591071797071715
113.5 1.1096018515532713
114.0 1.940040092307136
114.5 0.9258345396264795
115.0 1.6604206975834686
115.5 1.0203176800807352
116.0 0.6748806764103923
116.5 1.2016048360650315
117.0 0.5626424732229212
117.5 0.6276430203615551
118.0 1.284769493428748
118.5 0.8267144213324567
119.0 0.7355806005016503
119.5 0.9007530309755991
120.0 1.2871477849452044
120.5 1.3058400554243081
121.0 0.9214914550200998
121.5 0.6240310569092944
122.0 0.7466816313091387
122.5 0.8403151801693127
123.0 0.9711338051271743
123.5 1.1305575728616142
124.0 0.4356931475458927
124.5 1.0270746899768417
125.0 1.4222802928684484
125.5 1.1974554565181563
126.0 0.9545708881515761
126.5 1.1323601675064658
127.0 0.5519679803340616
127.5 1.2854174530600146
128.0 0.7143267085103655
128.5 0.7030828933006236
129.0 1.4591463574169112
129.5 0.6376382633971165
130.0 2.1991510296903747
130.5 1.0282541354977572
131.0 1.0806596753845934
131.5 0.7864160748389648
132.0 0.9162774838186866
132.5 0.8932167829578649
133.0 1.1309884089945677
133.5 1.2593799950171767
134.0 1.4278240929068575
134.5 1.2216349737095573
135.0 0.7759178816309955
135.5 0.2
136.0 0.7271493050051386
136.5 0.7040609603037283
137.0 1.7239691167166176
137.5 0.4433878540903461
138.0 1.0261958836871488
138.5 0.57712268653402
139.0 0.9855180204114211
139.5 1.0744297123648696
140.0 1.9313716041550437
140.5 0.5725311546434206
141.0 0.7522726208885209
141.5 0.7060661811355226
142.0 0.7565597937477808
142.5 0.6308823598713641
143.0 0.9094133371122323
143.5 0.7159303229351989
144.0 1.2376233706394366
144.5 1.1789555825360427
145.0 0.7063319124508262
145.5 1.4110604697597169
146.0 0.8909013297018016
146.5 0.6779459631697119
147.0 0.3193050629251658
147.5 1.1218183401571935
148.0 0.6281405803067701
148.5 1.2433002972619542
149.0 0.2812882576358696
149.5 0.6245388207820493
150.0 0.5314158108601368
150.5 0.8441019005600543
151.0 1.2325436159262466
151.5 0.930856345652081
152.0 1.5105925721724485
152.5 1.3433138328586562
153.0 1.464027715326246
153.5 0.8279685230586433
154.0 0.9543880814302088
154.5 1.2189879719236778
155.0 0.8792699257605225
155.5 0.8051670033458216
156.0 0.6354852045659938
156.5 0.7186782456950527
157.0 0.979089813539278
157.5 1.4185952387753886
158.0 1.4814348784629425
158.5 0.7215261583320666
159.0 0.9201574764111994
159.5 0.5690876432544001
160.0 1.6895313302193533
160.5 1.1571280236747112
161.0 1.415305145380886
161.5 1.8310171100752624
162.0 0.7705152615614059
162.5 0.7558773493140478
163.0 0.5739582794790117
163.5 0.7065901349022272
164.0 0.7008419338648755
164.5 0.7359403622969131
165.0 1.0589716746259392
165.5 0.8217659826406781
166.0 1.6111025080237487
166.5 0.59034756417419
167.0 1.0285752084580995
167.5 1.4119603534383067
168.0 1.364073840709235
168.5 1.0467888298660788
169.0 0.8920734057936164
169.5 0.30578748725852256
170.0 0.8837752174966724
170.5 0.5630729786983792
171.0 1.2831377058025328
171.5 0.2
172.0 0.9825075904626088
172.5 0.7877076372313843
173.0 0.47690532607802516
173.5 1.1073517997490865
174.0 0.6473560567025394
174.5 0.8493615755452655
175.0 0.8378374463169882
175.5 1.5234614299444347
176.0 0.7795612988386103
176.5 1.268842879587626
177.0 1.6154492461781027
177.5 0.2
178.0 0.9602015421697448
178.5 0.8926520958369486
179.0 1.0471648321393512
179.5 1.1288727253517317
180.0 0.6941908798135856
180.5 1.2545109081991734
181.0 1.7858576975299583
181.5 1.0805782227084944
182.0 1.0150469847527925
182.5 0.5532736371709763
183.0 0.7098630045850955
183.5 1.5028175119416742
184.0 1.3569426749047109
184.5 1.4023650187490895
185.0 1.372569503679224
185.5 2.3466577926827554
186.0 1.2114895318533048
186.5 1.1517837658035999
187.0 1.3813897568750932
187.5 1.2170650823150124
188.0 1.0115215866661817
188.5 0.5712513847106409
189.0 1.7822263394327735
189.5 1.1438756469333917
190.0 0.9745124735412053
190.5 1.7777475650594567
191.0 1.2711070441601429
191.5 0.6445622949663434
192.0 1.7829471593831858
192.5 0.6568163536141802
193.0 0.6656207096386493
193.5 0.2
194.0 0.9313389607736636
194.5 0.6121294794966271
195.0 0.9341053140562321
195.5 2.098810527386419
196.0 1.2126296357834145
196.5 0.918815823838037
197.0 1.1376573484239845
197.5 0.6839207790887799
198.0 0.9522864269758369
198.5 0.9255372480891034
199.0 1.2363885572534787
199.5 0.822202886764134
200.0 1.2821251959053641
200.5 1.0807094189790503
201.0 0.5797692811254751
201.5 1.05269992571285
202.0 0.8489984116314089
202.5 1.1373994970895565
203.0 0.6011177963041938
203.5 0.810630012168647
204.0 0.6465012817254536
204.5 0.710183997523413
205.0 1.2618645109593887
205.5 0.8764272711272354
206.0 1.2832172533220425
206.5 0.7183984964714547
207.0 0.2862758130617078
207.5 0.5956444756771935
208.0 1.5553630285619642
208.5 1.2859112703841262
209.0 1.113047019272806
209.5 1.0251415378582815
210.0 0.81699510717784
210.5 1.4975690093131497
211.0 1.1401568079543911
211.5 1.5701229413019306
212.0 0.9128760341064226
212.5 1.1589922755444237
213.0 0.5013248461371737
213.5 0.7376971299758937
214.0 1.7034586535709302
214.5 0.7870748712639337
215.0 1.7321581691105958
215.5 0.6890501057179407
216.0 0.6634038910660327
216.5 0.7009922975447445
217.0 0.6644598483162226
217.5 0.9136032563802052
218.0 0.9065322715474912
218.5 0.8261074407497784
219.0 0.8370813579529328
219.5 0.7676483360648914
220.0 0.9561877265535809
220.5 0.7187473317355979
221.0 1.1050100186166447
221.5 1.1226517106577942
222.0 0.7359550124602092
222.5 1.0039750942089192
223.0 0.9576797351479283
223.5 1.9485284310263244
224.0 0.9577528795087059
224.5 0.8203950849424673
225.0 0.7013029293182353
225.5 1.3390703795450756
226.0 1.0674387087066437
226.5 0.6970100391180695
227.0 1.3637047658786288
227.5 0.7509808745869899
228.0 0.8653390200819608
228.5 1.40308339493196
229.0 1.231621411990636
229.5 1.6720982523929395
230.0 0.8543963918215073
230.5 1.346009685680265
231.0 0.7965168606004378
231.5 1.0934908443641955
232.0 0.8492443906613403
232.5 1.1568759564324353
233.0 0.682086364688778
233.5 0.8806402492829565
234.0 1.890218748819076
234.5 0.5729716551511955
235.0 0.3347383509422349
235.5 1.3943426444914282
236.0 1.429301662252565
236.5 1.1522084228373592
237.0 0.7852039207865092
237.5 1.4482428365640332
238.0 1.2779281625614525
238.5 1.590906543177753
239.0 0.8842943252302781
239.5 1.5280901523109702
240.0 1.078529066094835
240.5 0.7808054434635894
241.0 1.0763039383312307
241.5 0.9029951696336762
242.0 1.037777905435919
242.5 1.4672586841701407
243.0 0.21825442088448088
243.5 0.4428752196261654
244.0 0.9218146578379756
244.5 1.179882448268454
245.0 0.9532382573121208
245.5 1.0161635382257157
246.0 1.1143016270945776
246.5 1.2581578774813154
247.0 1.1911482919122602
247.5 0.9332487376633544
248.0 0.9968355853856381
248.5 0.7784099665519294
249.0 0.7044840262168883
249.5 0.6300786359198416
250.0 0.7403996895974252
250.5 0.727858409344166
251.0 0.5025033386987083
251.5 0.9100835707336121
252.0 1.4552738683886786
252.5 0.8148195141268016
253.0 0.862226494531441
253.5 1.5328262159854535
254.0 0.9010129258569272
254.5 1.5106224698573132
255.0 2.1296723488284894
255.5 0.6943171945904889
256.0 0.462853290486561
256.5 1.429138177563917
257.0 0.6776191080883802
257.5 0.544783881556964
258.0 0.8399724612016042
258.5 0.848202067101362
259.0 1.7423109836390989
259.5 1.2086057304113242
260.0 0.8874917712137234
260.5 1.249056821515817
261.0 0.8880416463320562
261.5 0.5812408775080735
262.0 0.2133404884859692
262.5 0.8421688944340265
263.0 1.0702991829618749
263.5 1.1596150794959201
264.0 1.0051433017656426
264.5 1.121854956104968
265.0 0.6265618791104054
265.5 1.472684211706584
266.0 0.6860811353187672
266.5 1.6164567087558432
267.0 0.7160323236867694
267.5 1.2372022543494667
268.0 1.7596497931485988
268.5 1.2689622576115704
269.0 1.3924532956124396
269.5 0.8988187071759816
270.0 1.6587474195381753
270.5 0.3407858542487788
271.0 0.8419505807528948
271.5 0.9224382250658537
272.0 0.5955404137123704
272.5 0.8622519212884566
273.0 0.7564427337032775
273.5 0.7974311623560253
274.0 1.2074003509675975
274.5 0.6879653628310769
275.0 1.2815381583749466
275.5 1.4581862335307632
276.0 1.688363193677187
276.5 0.8575929772467006
277.0 1.669620157716928
277.5 1.5043506923311543
278.0 1.6562073818456975
278.5 0.6673345816583693
279.0 1.1890493256631531
279.5 0.8580125368938216
280.0 0.7348998800438986
280.5 0.9851093991982661
281.0 0.913682207137232
281.5 0.9784406037491032
282.0 0.9376929996612987
282.5 1.375325303114378
283.0 1.5528956832362137
283.5 0.7287107544614202
284.0 0.8204009630259094
284.5 0.602920344562304
285.0 0.7953396233600255
285.5 0.9513199983387244
286.0 1.0523759775370158
286.5 0.9958148746610506
287.0 0.913230188958614
287.5 0.604454509850769
288.0 1.1997274897089856
288.5 1.3923624639986976
289.0 0.9939270204865784
289.5 1.236615237814779
290.0 0.6799754478392281
290.5 0.43449687266849746
291.0 0.84393476448452
291.5 0.6415743174695578
292.0 0.5424366697234789
292.5 0.9297023434492439
293.0 1.563471883529068
293.5 1.1920761797626453
294.0 1.3601646663934308
294.5 1.1101402406361018
295.0 1.1692476080659895
295.5 0.42711360119937414
296.0 1.09872824795961
296.5 0.6812859568950453
297.0 1.4359152148549978
297.5 0.641935855511707
298.0 1.0066808041494586
298.5 1.0578550588387445
299.0 0.667464450382456
299.5 0.87227522974937
300.0 0.9306471165908016
300.5 1.0560998482992106
301.0 0.5429208765094602
301.5 0.7195325291646559
302.0 0.8086370084032353
302.5 0.5943242330458653
303.0 0.8301238483614873
303.5 1.3419928895192559
304.0 1.9748599052622002
304.5 1.3003720266150753
305.0 0.8152230186249204
305.5 1.5034459942189655
306.0 1.1488873402517317
306.5 0.8260914479947633
307.0 1.4958703345281936
307.5 0.736174395839287
308.0 0.9017647464569376
308.5 0.84967804008123
309.0 0.844766133382245
309.5 0.8578285657495636
310.0 1.4733769340024914
310.5 1.398140405267478
311.0 0.7443799202877814
311.5 0.8036500322641679
312.0 0.7145571534989033
312.5 1.1048947998309693
313.0 1.860192024973975
313.5 0.896553116938548
314.0 0.9844802966823573
314.5 0.7348373853911173
315.0 1.7544565421725125
315.5 1.0268083563426331
316.0 1.112659823804779
316.5 0.9428472452762471
317.0 0.7693974627365053
317.5 1.2791736907842313
318.0 1.6234977173378797
318.5 1.0229198889434459
319.0 1.3256766257636057
319.5 0.8902667510004239
320.0 0.9238837596255606
320.5 1.0250128887392949
321.0 1.123412234098903
321.5 1.1889394813230998
322.0 0.5355871892660239
322.5 1.4990858822994955
323.0 1.7523206806275327
323.5 0.7184242534269498
324.0 0.8743928565610751
324.5 0.6989861055014491
325.0 0.9446598137592797
325.5 0.7877196962183042
326.0 0.8870911739251545
326.5 1.3934774560491627
327.0 0.8821462163511775
327.5 0.7008423703258632
328.0 1.048721869390604
328.5 0.794974000812494
329.0 1.3183596942745637
329.5 1.0580747616652575
330.0 1.0494465493186247
330.5 0.7077780653067742
331.0 0.8041903637670452
331.5 1.0450194306285998
332.0 0.7990092997906766
332.5 0.7357411870743802
333.0 0.9824300512610072
333.5 0.6063418633192782
334.0 0.915818762007398
334.5 0.9258649628317652
335.0 1.0471865511665555
335.5 1.2673423327724085
336.0 0.9298412884023217
336.5 2.5444544494814876
337.0 1.4273005168383524
337.5 1.4986937676600247
338.0 1.244389003951091
338.5 0.753933461324122
339.0 0.9587799236424822
339.5 0.9125115853956047
340.0 0.9980937671464531
340.5 0.9719011076949738
341.0 1.1406329533797988
341.5 0.47862718898422685
342.0 0.8384218333055624
342.5 1.1129464713931252
343.0 1.7130099116773811
343.5 0.3662663999486828
344.0 0.8546378958505498
344.5 0.5840482686526078
345.0 0.579161851920273
345.5 0.8655275982121549
346.0 0.7213251415994644
346.5 0.704382342066914
347.0 1.0517514826958387
347.5 1.463649981214648
348.0 1.3938313280318682
348.5 0.836444695061445
349.0 0.5845498086979413
349.5 0.9524356999088248
350.0 0.4951820576451958
350.5 1.0980087906492013
351.0 1.14871823236291
351.5 0.9071582258103615
352.0 2.0894510666384067
352.5 0.9187386679725928
353.0 1.0946701107636807
353.5 0.780974787613649
354.0 1.2603877696375292
354.5 1.4476326188251187
355.0 1.2841027539734176
355.5 0.889788518375181
356.0 0.48971265786401197
356.5 0.954371735725558
357.0 0.6655056836753099
357.5 1.6431609226473411
358.0 0.8450430437848748
358.5 0.8466707786864585
359.0 0.7385918582303692
359.5 0.667520059778516
360.0 1.0616650889599182
360.5 0.8946778412595489
361.0 1.2632022965472278
361.5 0.9689092718090068
362.0 0.4893241340223995
362.5 1.3759981190643522
363.0 0.8897280978871012
363.5 1.0641758283409222
364.0 1.7289098970579473
364.5 0.6062398106263716
365.0 1.7013287063283795
365.5 1.5757227679278767
366.0 0.8082733392745022
366.5 1.1718204275831137
367.0 0.27924847590111146
367.5 1.0925514893916155
368.0 0.4642594375820328
368.5 0.7769113378028175
369.0 0.7203900645997692
369.5 1.3921077626635674
370.0 0.7135901888539716
370.5 0.56745386597785
371.0 0.7523660589863569
371.5 1.7611124934543283
372.0 1.0009199755718639
372.5 0.7155117407934262
373.0 0.8460286782962054
373.5 1.0081018515766238
374.0 0.7458689050123017
374.5 1.4668421023036053
375.0 1.2103897362207579
375.5 1.4509764902304285
376.0 1.161114318556111
376.5 0.4969131882544555
377.0 0.8120494590426155
377.5 0.8301437341601545
378.0 1.5512850090266026
378.5 0.816681386583855
379.0 0.9595389009213391
379.5 0.7451509217923467
380.0 0.6452047467851549
380.5 0.759987770322847
381.0 0.7048502492024845
381.5 0.6198400701666755
382.0 1.2221396072809032
382.5 1.1766445614594383
383.0 0.5924947571600276
383.5 0.6932295396726285
384.0 1.1042130728969362
384.5 1.459425822588245
385.0 0.41829330677376486
385.5 0.5994892473292954
386.0 0.711627272065142
386.5 0.8195892768197088
387.0 0.9775530530186961
387.5 1.5394608670009864
388.0 1.4954764440226231
388.5 1.0157698663172532
389.0 0.8404745339645383
389.5 2.20337196401173
390.0 0.8869688952298063
390.5 0.5256066267690509
391.0 1.0866542108668988
391.5 2.0881790856459634
392.0 1.0155483708384625
392.5 1.5472138005436005
393.0 0.8567768048555331
393.5 0.7060580091514765
394.0 0.7329402780115981
394.5 1.2434557947378702
395.0 1.0397629792626697
395.5 0.9026050316443469
396.0 0.6805176849576936
396.5 0.7114216085580789
397.0 1.0719987463939227
397.5 0.8904055597209094
398.0 2.225167685052722
398.5 0.9563658225631795
399.0 1.4004625057661735
399.5 1.2437070406543616
400.0 1.4488886487539059
400.5 1.238322244342333
401.0 1.3345562620293558
401.5 1.0056806758038976
402.0 0.8430463829153897
402.5 0.6329732420830794
403.0 0.6756313094268223
403.5 0.9308885007253378
404.0 0.9286255788766491
404.5 0.531997215684754
405.0 0.825764877172615
405.5 1.232188958807665
406.0 0.8048314469906444
406.5 0.36106658545814097
407.0 1.1224152923048896
407.5 1.3165856178553015
408.0 1.204009816280259
408.5 0.8343043937196992
409.0 1.0161592369085481
409.5 1.7276133269807148
410.0 0.4552088520886354
410.5 0.7124099778734098
411.0 0.951566438088385
411.5 0.9065465013761982
412.0 0.3354662129783581
412.5 0.6975616313140243
413.0 0.6696140002689706
413.5 1.0649193091476687
414.0 0.7480302549567843
414.5 1.3294286282698873
415.0 0.7497363067737122
415.5 0.955064813673605
416.0 0.5014340035171152
416.5 1.6626388184461374
417.0 1.2733937004527207
417.5 0.45663807178307414
418.0 1.5191596859851204
418.5 0.5530858467039352
419.0 0.9568033505763143
419.5 0.8433539458019705
420.0 0.8986845934207586
420.5 1.0127112268830976
421.0 0.8514894764069163
421.5 1.4890523477752073
422.0 1.053809051110996
422.5 1.2979768888484728
423.0 1.031538472548739
423.5 1.2572072981122069
424.0 0.9146802355140392
424.5 1.685935544704162
425.0 0.8269052786572586
425.5 0.661160156596013
426.0 1.0474004589139954
426.5 0.9981725391185499
427.0 0.7057648882629791
427.5 0.492363883027773
428.0 1.569613322261691
428.5 0.9940574298590878
429.0 1.0365150944448862
429.5 0.7810906452387398
430.0 2.20107379484907
430.5 1.7546389845517516
431.0 0.8974157946358411
431.5 0.5717346636463208
432.0 0.9728475705468658
432.5 0.6875487875208846
433.0 0.7843940909141582
433.5 0.42030647052624825
434.0 1.0724784664702836
434.5 0.44699406484163623
435.0 0.8516532912398412
435.5 1.0978858561466764
436.0 0.7047903446559088
436.5 0.8278717751553284
437.0 1.460857028425158
437.5 1.1495593329053302
438.0 0.7845498157213859
438.5 1.0605527799352257
439.0 0.7296303905450621
439.5 0.9735521408043175
440.0 0.2
440.5 0.8561161617956639
441.0 0.9311150458042138
441.5 0.9658989849792977
442.0 0.7695943392227715
442.5 0.5170345686365936
443.0 0.7183103557709014
443.5 0.6631908758351681
444.0 1.2996530966826523
444.5 1.1774361430978297
445.0 0.2610541387700428
445.5 0.9452010686101373
446.0 0.7514481905185986
446.5 1.9051087377250586
447.0 0.8262423155143488
447.5 0.9483570297344196
448.0 0.9098704352416312
448.5 1.3813233360999466
449.0 0.9213664680811497
449.5 0.6954912058991651
450.0 0.8170126517179855
450.5 1.4726778363201247
451.0 0.7681412106108001
451.5 0.8604375585152825
452.0 0.8219610030645497
452.5 0.7851467676912229
453.0 2.1188166735327236
453.5 0.8003720876098404
454.0 0.8304081310742872
454.5 0.8050792596276505
455.0 1.6436579559359115
455.5 0.7430888936972673
456.0 0.9440028069468114
456.5 0.5811904926278537
457.0 0.8666643688014598
457.5 2.3884723027219357
458.0 0.8518905244695781
458.5 0.9521946191420287
459.0 2.0184532684367165
459.5 1.0214332831086066
460.0 1.3561309607617846
460.5 0.8145013917965509
461.0 0.8149092552155169
461.5 0.9643829175611994
462.0 0.5917278593186674
462.5 1.2319470833573214
463.0 1.1961257618676058
463.5 1.3402030205446045
464.0 0.9582556335414383
464.5 1.1011291477352354
465.0 1.1833301890135608
465.5 0.6706812480603995
466.0 1.9258276174584115
466.5 0.3832604884347024
467.0 0.6915607367820764
467.5 1.3516645416558217
468.0 1.5568244591365819
468.5 0.8290256650464785
469.0 1.276489222429744
469.5 0.9865323357104466
470.0 0.5757799650846172
470.5 1.3568560393427909
471.0 1.7825927456514918
471.5 1.1978203450784501
472.0 1.780564324841218
472.5 0.8956694179837711
473.0 0.6862806113116408
473.5 1.827283697942697
474.0 1.3196466338267467
474.5 1.2481370891200312
475.0 1.2998564020018928
475.5 1.3822422431784465
476.0 2.3263478819266967
476.5 1.7637940951169995
477.0 0.7974019753223786
477.5 0.5090439219150418
478.0 0.908631780783503
478.5 0.6212616411584451
479.0 0.8789441458302423
479.5 0.8628218560027012
480.0 0.9701339997837803
480.5 0.6456870400569842
481.0 0.919386617323691
481.5 0.9349910323892161
482.0 1.2347832103966665
482.5 0.7985237698902068
483.0 0.60632285336644
483.5 0.8596567334071317
484.0 1.368260849671413
484.5 0.5827583748882098
485.0 0.821400111576101
485.5 1.1201404974536433
486.0 0.7808782987721108
486.5 1.2049507462001
487.0 0.6890835956422694
487.5 1.0044647123414778
488.0 0.8739376691140175
488.5 0.8815515980082178
489.0 0.9681718223154865
489.5 1.0716365495669526
490.0 0.7084394489412158
490.5 1.0672347947156657
491.0 1.1194419643544204
491.5 1.1525633167691445
492.0 0.8899848493821415
492.5 1.0226483315458579
493.0 1.3128596675015
493.5 1.3339532165261394
494.0 0.9753153546003979
494.5 1.6009260509662009
495.0 0.8122122766393721
495.5 1.240007056861973
496.0 0.7079215265183805
496.5 1.7805426370715591
497.0 0.9792766584166783
497.5 0.825286495013187
498.0 0.338611644235006
498.5 1.3103214010265072
499.0 1.1063588467009382
499.5 1.0955040677977295
500.0 0.8514623892925467
500.5 1.769681014634319
501.0 1.3728933266984673
501.5 1.0798744194802667
502.0 1.4895940293706686
502.5 0.4835947391044714
503.0 0.893490433355686
503.5 0.7907501921829763
504.0 0.6183293986522951
504.5 0.44314085195459285
505.0 1.4121060616261412
505.5 0.6385331060751374
506.0 0.3461411298207955
506.5 0.961753271607375
507.0 0.800097938584262
507.5 0.9828765338600686
508.0 1.8323620042323303
508.5 0.8135199710655132
509.0 0.8253634249072361
509.5 0.959286426543383
510.0 1.6114005719272049
510.5 0.462096188208202
511.0 1.32665474906553
511.5 0.8054823680557424
512.0 0.9112684390963215
512.5 0.8382543163668708
513.0 0.9549184275743925
513.5 1.1650007804137075
514.0 0.5776083002873214
514.5 1.055320372071021
515.0 0.5604943773351487
515.5 0.8448405628273591
516.0 1.0405910532615699
516.5 1.2493576510275368
517.0 0.7664934944942576
517.5 0.7110801913134271
518.0 1.139869669856792
518.5 0.6236779563244812
519.0 0.8538831076138735
519.5 0.6540075326622669
520.0 1.8645939562470457
520.5 0.8847306729901775
521.0 1.1347614923665916
521.5 1.0451876272516856
522.0 0.6289571845237756
522.5 1.2485256427838465
523.0 1.8047744210113659
523.5 1.0768499432438938
524.0 0.5865832843940599
524.5 1.1980997030695535
525.0 1.008702341944895
525.5 0.5397704570351669
526.0 0.8665153582330578
526.5 0.6057322388264759
527.0 1.2813370308741425
527.5 1.0303144927819619
528.0 1.2804976891596294
528.5 0.7423624974041626
529.0 0.7698284079471666
529.5 1.0614754192100233
530.0 1.2877253603493939
530.5 0.638131532076318
531.0 0.7158928013756297
531.5 1.8302577261466255
532.0 1.30677944236386
532.5 0.5882796200545182
533.0 0.5987844763433968
533.5 0.9770688361015172
534.0 0.7413338708073685
534.5 0.820372488272898
535.0 0.7479041823815586
535.5 0.6197632591060943
536.0 0.7660396304378427
536.5 1.181915682461872
537.0 0.8937893528345401
537.5 0.9840670560118142
538.0 1.426034122551532
538.5 0.8692834266363779
539.0 0.79450294673246
539.5 0.9379311433732912
540.0 1.5706642386405458
540.5 1.4209669643420617
541.0 1.4819128795574081
541.5 1.3399681492177655
542.0 0.9316823755374608
542.5 0.6086323264629485
543.0 1.2961112517410127
543.5 1.294466500045304
544.0 0.8083502833209473
544.5 1.1246127959037988
545.0 1.1143895098572285
545.5 0.6924177696639252
546.0 1.3172062321996099
546.5 0.5306010971984907
547.0 0.6196635272937652
547.5 0.7875636053901025
548.0 0.9322919887671051
548.5 1.2173792531925587
549.0 0.9681716725383317
549.5 0.9429644250918019
550.0 0.7207698559549078
550.5 0.8929011197897068
551.0 1.2410765776139039
551.5 1.4845740177320739
552.0 0.9458521908958443
552.5 0.920851518216891
553.0 0.7465096719927671
553.5 1.4650052200617596
554.0 0.6100502577869965
554.5 1.4435360343177819
555.0 1.3710835506730072
555.5 1.7995414530197587
556.0 1.2091100045397492
556.5 0.4289623950129373
557.0 0.8835814143276686
557.5 0.850262760586365
558.0 1.2141091520662897
558.5 1.7538978551471778
559.0 0.8776673843857096
559.5 0.9622791317322877
560.0 0.9343352426170268
560.5 1.3433073856471496
561.0 1.4604420336813124
561.5 0.6731490689757835
562.0 1.1081191058875386
562.5 0.7044474991386033
563.0 0.8188781587240996
563.5 0.45184391926601547
564.0 1.1796379244542847
564.5 1.0060914471216447
565.0 1.4121807546779834
565.5 0.8927853060630886
566.0 1.2827691456047696
566.5 0.8143345011806018
567.0 0.863135948712574
567.5 1.6888004177882885
568.0 1.0876850638212028
568.5 0.7102115762873586
569.0 1.7980683198397451
569.5 1.0515700917509117
570.0 0.7909804081343287
570.5 1.5025006531937035
571.0 1.1874643937207283
571.5 0.8416636406462068
572.0 1.335048678017063
572.5 1.5102080502638549
573.0 1.0786335231368498
573.5 1.2301297470884105
574.0 0.8860847815861361
574.5 0.8571973209674938
575.0 1.6840615097913392
575.5 1.2094754967440828
576.0 1.0513284441817756
576.5 0.8475056353735082
577.0 0.5700281522034247
577.5 1.7459469976537263
578.0 1.8166423078302643
578.5 1.0919331464771762
579.0 0.7039621548092714
579.5 0.5256879080465766
580.0 1.6502661393902431
580.5 1.013498620808073
581.0 0.36922659298052907
581.5 0.9166607131283484
582.0 1.2459071641448363
582.5 0.93300801001128
583.0 1.2882356075271693
583.5 1.011514853084884
584.0 0.7324260042756754
584.5 0.637238401322351
585.0 0.8223281366172841
585.5 1.1025657750480156
586.0 0.6420434005002049
586.5 1.063247639595387
587.0 0.9857468969228048
587.5 0.6643042128995087
588.0 0.9768029906844067
588.5 1.10181481684358
589.0 0.5989873342210914
589.5 0.6755669407506854
590.0 1.2128307685721407
590.5 1.241479301567151
591.0 0.9015953884065084
591.5 0.49139781884340317
592.0 0.28112184062283085
592.5 0.8621150742487534
593.0 1.014661243743459
593.5 0.8481371350182709
594.0 1.2244889160934507
594.5 0.883826249692815
595.0 0.6542319506443399
595.5 1.8203856486479668
596.0 1.2445749336957805
596.5 1.118866499661527
597.0 0.6609488238829588
597.5 0.7561110900080574
598.0 0.501699216230032
598.5 0.8408264779987855
599.0 1.3456720693643187
599.5 0.8609354481768685
600.0 1.1846580738557293
600.5 0.895051253994783
601.0 0.7514909393738578
601.5 0.2008373886563145
602.0 1.2265514001323146
602.5 0.9496447196364226
603.0 0.3949975472818149
603.5 0.7984664960604613
604.0 0.7967617213300786
604.5 1.0153462095031975
605.0 0.6763528132275622
605.5 1.3808718296100135
606.0 0.7530373302845562
606.5 0.9689382747550422
607.0 0.7356973738320712
607.5 2.0746160863409
608.0 0.587254601882441
608.5 1.3975091845271508
609.0 1.0634120875606772
609.5 1.522928826826241
610.0 0.3222701575755682
610.5 0.9241314145420213
611.0 0.84430444750607
611.5 1.399633551393642
612.0 1.1632231313877865
612.5 1.4899081209559308
613.0 1.4842975533493796
613.5 1.180526146763667
614.0 0.672808893316447
614.5 0.6005318789517734
615.0 0.5654238578981347
615.5 0.9654257244396763
616.0 0.761359306615337
616.5 1.2658683761179899
617.0 0.5322740995758533
617.5 0.8820098509241472
618.0 1.1653937715881901
618.5 0.8628749609455293
619.0 1.0981656626739305
619.5 0.6881219301636974
620.0 0.7945360849809762
620.5 0.6577884932575339
621.0 1.3086315618751092
621.5 0.8793242814552229
622.0 1.0959802738498845
622.5 0.4863823825253139
623.0 0.9976007804512611
623.5 1.0592110589448072
624.0 0.6413363749448082
624.5 0.8851054003917413
625.0 0.5394442876433823
625.5 0.7099135806112588
626.0 0.6120851908496052
626.5 0.838149369645478
627.0 1.5229849804017483
627.5 1.2236285471902304
628.0 0.9753623663537009
628.5 0.5839550761933459
629.0 1.0064122722064348
629.5 0.3211758280041195
630.0 1.0141639256666266
630.5 0.5215424687703368
631.0 1.209054412043315
631.5 1.5136010669523539
632.0 0.5349655902632108
632.5 0.9169273631600868
633.0 1.2846566612777863
633.5 1.3167498211535147
634.0 1.2504882839014906
634.5 0.8827508839741103
635.0 0.8413375821788903
635.5 0.80589068507304
636.0 1.0446159904611338
636.5 0.6978125395080408
637.0 0.7350925246042455
637.5 1.1912405225665261
638.0 0.878603607138539
638.5 0.9417464377217875
639.0 0.3454691500955118
639.5 1.335160457214423
640.0 0.7383181019060754
640.5 0.8426602247192402
641.0 1.193394298091785
641.5 1.2942355179395701
642.0 0.766112521333079
642.5 0.929308043761265
643.0 0.6565231432501919
643.5 0.9150945959887198
644.0 1.032001072079528
644.5 0.796117373064241
645.0 0.5742900388131054
645.5 0.7808148427095938
646.0 1.179159741901754
646.5 1.171470641550274
647.0 1.1108887477767255
647.5 0.8572417482292602
648.0 1.7760350951632722
648.5 0.45395729793227535
649.0 0.8968828006622427
649.5 0.8004712561484004
650.0 0.8994902973536694
650.5 1.6033374068536559
651.0 1.9723022915736612
651.5 1.5016883017000526
652.0 0.8998950617278124
652.5 1.2573619256434616
653.0 1.3577536164480883
653.5 1.4219979706303318
654.0 1.0807877423870882
654.5 1.233381535374682
655.0 1.1808715960141485
655.5 1.8200371132945197
656.0 0.8491449265365547
656.5 0.5298068362785232
657.0 0.6841810805096444
657.5 0.7653095200990838
658.0 0.6870112830601309
658.5 0.7293036958273486
659.0 1.6788982715760015
659.5 0.7029293171161906
660.0 0.962850539049279
660.5 0.7144493040108366
661.0 0.6884721055589818
661.5 1.1367022122944788
662.0 1.0513850412991679
662.5 1.4595133682274293
663.0 0.5534713235933666
663.5 1.0251559337755065
664.0 1.055622494331975
664.5 1.0601074876774588
665.0 0.833536704820635
665.5 1.0778512863206398
666.0 1.0737529488652322
666.5 0.6438746773889594
667.0 0.7583004360716761
667.5 1.567921876235125
668.0 1.201373248586704
668.5 1.3488886847069677
669.0 1.1341156537861483
669.5 0.7442947717329824
670.0 1.2557964872887468
670.5 1.2611051503455633
671.0 0.6455603113351096
671.5 0.5007991095430604
672.0 0.7164858140943423
672.5 0.37797313339909777
673.0 0.9989138190699258
673.5 0.8759527491481945
674.0 1.5546688799321569
674.5 0.787484408045396
675.0 2.035867137201928
675.5 1.0943318969877622
676.0 0.8070923815345932
676.5 1.3069652782538483
677.0 1.2521521694604587
677.5 1.0357521664740998
678.0 0.3875339750655528
678.5 1.014212344613412
679.0 0.43379820663655433
679.5 1.4246891092398224
680.0 0.862025008067351
680.5 1.2419200108481776
681.0 0.8553739187060506
681.5 0.8652954182543682
682.0 0.7103110038381655
682.5 0.6464858774830476
683.0 0.8475613938737907
683.5 1.760305282106971
684.0 0.4887205138881229
684.5 0.7096979759120173
685.0 1.7020159271820807
685.5 1.365064720494302
686.0 1.034386369938634
686.5 0.897232202152388
687.0 1.0320316138655237
687.5 1.8376537566268842
688.0 0.9390832778694156
688.5 0.8372608454892801
689.0 1.431025247842249
689.5 0.9833364647072085
690.0 0.9516694833779282
690.5 1.1701729129434804
691.0 1.2527271655916232
691.5 0.9928423312766121
692.0 1.3886586558852416
692.5 0.6121891930359092
693.0 1.5874784112346854
693.5 0.931090319886877
694.0 1.1923707095703537
694.5 1.4587491263999461
695.0 1.4103112029660048
695.5 1.319548636353797
696.0 1.0244663024880727
696.5 1.3283575923704949
697.0 0.9621146708014643
697.5 1.6116365238402537
698.0 0.8131281853419857
698.5 0.8200658548617539
699.0 1.0644390100680603
699.5 0.8616979940522443
700.0 0.8804104915838447
700.5 0.7674287465014462
701.0 1.0652860473451735
701.5 0.9679365005690911
702.0 0.8904913381856663
702.5 1.10075868200253
703.0 1.5577153787980103
703.5 1.5542567195558714
704.0 0.5555816674423677
704.5 1.0420586461133432
705.0 1.0375341918009506
705.5 0.7922933182639867
706.0 0.7608936692024723
706.5 1.617497855898368
707.0 0.35600657043155953
707.5 0.4755339000173729
708.0 0.4115953652170953
708.5 1.796231769290412
709.0 0.6791810298115593
709.5 1.0344900661090026
710.0 0.9425093296305799
710.5 1.5414000514144002
711.0 0.832382608016691
711.5 1.183719606644881
712.0 1.3813526346313374
712.5 0.6055963516514864
713.0 0.8499073596492583
713.5 0.7783637143453499
714.0 0.8752782430825375
714.5 0.9966036579693976
715.0 0.9057617089487762
715.5 0.8133569029656587
716.0 0.8797032202526308
716.5 0.6948888446769752
717.0 0.334067374927308
717.5 1.1809231582752562
718.0 0.43220951695735166
718.5 0.7446466966359085
719.0 0.9317244172239676
719.5 1.1715847882044335
720.0 1.5678455679885914
720.5 1.1726667848089094
721.0 1.4706728356958636
721.5 0.638305562427494
722.0 1.5145132662257699
722.5 0.9055902076690311
723.0 0.8825262191478538
723.5 1.0415290509251711
724.0 0.7342439052759956
724.5 1.0670857538341982
725.0 1.1282165566894073
725.5 0.4118328767937707
726.0 1.6112108371215346
726.5 1.2332286253706757
727.0 1.0678919202939277
727.5 0.5930184207359944
728.0 1.5383526248853383
728.5 1.0016358544308899
729.0 1.0737835303759495
729.5 1.016759105964367
730.0 0.904890374259948
730.5 1.2537993979370317
731.0 1.2476330626215342
731.5 1.08833737160667
732.0 0.7326932611699679
732.5 0.4480487135155218
733.0 0.8247390680615014
733.5 0.7280438379357557
734.0 0.3370571929870294
734.5 1.9766473915417078
735.0 0.7842382396468766
735.5 0.6467969131239576
736.0 0.8743588836632872
736.5 1.2525303506640788
737.0 1.2502106543874412
737.5 0.8287446031783684
738.0 0.708090839491413
738.5 0.9671803787469597
739.0 1.2437557252453297
739.5 0.7759517661352944
740.0 0.9535585637894731
740.5 1.2597305851731089
741.0 0.619564314746311
741.5 1.649998913716126
742.0 1.0534234615901152
742.5 0.4941738868529795
743.0 0.7905433585101187
743.5 0.8483075270274231
744.0 0.7833901733761522
744.5 1.1130998728476311
745.0 0.6131807842928602
745.5 0.8482615978686048
746.0 0.7831646143124221
746.5 1.0097618552356478
747.0 0.7614761106078973
747.5 1.56720127663093
748.0 1.0489297673613807
748.5 0.6419605016612069
749.0 0.6057154316580271
749.5 1.1206539024154814
750.0 1.0422339407083756
750.5 0.46115719390752075
751.0 0.913440157638061
751.5 0.9757547328520723
752.0 1.0507723549547903
752.5 1.2947686135293388
753.0 0.5225143932899192
753.5 1.243156702341436
754.0 1.2123053270319755
754.5 1.124645181344496
755.0 1.7520202087239372
755.5 0.7490888416908326
756.0 0.7230436135529827
756.5 0.7161211047331337
757.0 0.6185514629458335
757.5 1.4393604779722144
758.0 1.4344846639523203
758.5 0.734992583899494
759.0 0.43290709105950687
759.5 1.5541452221899426
760.0 0.6548033211176795
760.5 0.5288545318154341
761.0 0.7598009934998207
761.5 1.006015350785912
762.0 1.5303494848575774
762.5 0.9997223814660021
763.0 0.7374264195641391
763.5 0.7884072926333691
764.0 1.593553730222828
764.5 0.9395338395721105
765.0 0.9673791413933779
765.5 0.7783504182776192
766.0 0.8769817707066179
766.5 1.0052588117407353
767.0 0.7168388584012089
767.5 0.5460206488826769
768.0 1.0044633138953611
768.5 0.8816506320900788
769.0 0.8828634023868058
769.5 0.35252251206576324
770.0 0.8936433051022816
770.5 0.7297819617866095
771.0 0.8144089379110495
771.5 0.9749405077366798
772.0 0.8113089354285665
772.5 1.4835650773448719
773.0 1.0980016673045339
773.5 0.5828875240742966
774.0 1.3367547866814453
774.5 0.8072039292515842
775.0 0.4927771112776179
775.5 0.7115931903253552
776.0 1.0745569993562456
776.5 1.2120547537941428
777.0 0.42690994934306725
777.5 1.0307876889476186
778.0 0.6771971680096143
778.5 0.6946364038668462
779.0 0.9995721950517564
779.5 0.6310658935184454
780.0 1.1315838834531955
780.5 0.8125774458272191
781.0 0.9029965519972304
781.5 0.8728669885697349
782.0 0.7257431948913222
782.5 0.9153022518766974
783.0 0.8854100655866519
783.5 1.2443721793078524
784.0 0.9653184844110869
784.5 1.2367413733449748
785.0 0.840393147361659
785.5 1.0109991072012612
786.0 1.0465179402512308
786.5 0.9723335766481433
787.0 1.3353099030997142
787.5 0.5602928535408717
788.0 1.434906336051478
788.5 0.9914705966442404
789.0 0.684084499719821
789.5 1.2395086737568277
790.0 0.9922574350501352
790.5 1.176441019498137
791.0 1.0440534231489593
791.5 0.8756387182990355
792.0 1.997037123555165
792.5 0.7891081568576723
793.0 0.5321755049165539
793.5 0.6972445920446526
794.0 0.9492123686295841
794.5 0.7845877149897956
795.0 0.6607277913534931
795.5 1.2064740108680647
796.0 0.6820220203941234
796.5 1.5096271605146336
797.0 0.9363562862897679
797.5 1.0886306142887754
798.0 0.955172223337182
798.5 0.9601465948937391
799.0 1.10139138317192
799.5 0.7606260651465748
800.0 1.319752506944536
800.5 1.3007037579003486
801.0 1.2259776920066607
801.5 0.8562148225625935
802.0 0.7676147527471062
802.5 1.059028186313709
803.0 0.7665328550559387
803.5 1.711407177844439
804.0 0.47824732815478027
804.5 1.6402328495198661
805.0 0.5783483862197518
805.5 0.958788415699038
806.0 1.092145719161169
806.5 0.9385392981772132
807.0 1.3516328997081717
807.5 0.9353437920034323
808.0 1.0373211606690198
808.5 1.7796654652557695
809.0 0.5896560600895498
809.5 0.9239674625173498
810.0 0.7314201127336191
810.5 0.5481109249421809
811.0 0.31548556472449785
811.5 0.9487068187199147
812.0 1.2779462239544368
812.5 0.908250085981297
813.0 1.1047245719687142
813.5 0.8642582130833231
814.0 0.56696629360578
814.5 1.064070382089791
815.0 0.679338796823231
815.5 0.5703440025066454
816.0 1.1508010447436003
816.5 1.1242529525387788
817.0 1.011013155808904
817.5 0.9274956601660711
818.0 1.238296805103508
818.5 1.047427641451928
819.0 0.37543182484353377
819.5 0.5397669436489543
820.0 1.187476187613812
820.5 1.3058166498621104
821.0 1.5280582910374108
821.5 1.1613746387609662
822.0 0.7285379886780049
822.5 0.7614338952202147
823.0 0.42729779403221757
823.5 0.9017393836945762
824.0 0.7386131249886488
824.5 1.7324303540951953
825.0 0.5504158203190294
825.5 1.3835150432977361
826.0 1.2686038127410015
826.5 0.7677858991621083
827.0 1.1163011021380815
827.5 0.6252294462052563
828.0 0.8062271610592763
828.5 1.2355460464128067
829.0 0.9542461659905267
829.5 1.281117357295341
830.0 0.6039240309305662
830.5 1.0034168756959212
831.0 0.6955160631792798
831.5 0.5776312751476943
832.0 0.8473654450845834
832.5 0.5156770744054231
833.0 1.1664397989021063
833.5 1.311490565852408
834.0 1.3754771563112396
834.5 0.9331989595694291
835.0 1.0116665669042852
835.5 0.7585467660100752
836.0 1.7652946563264318
836.5 0.6980525634951601
837.0 0.6725100142288686
837.5 1.2181108242286158
838.0 0.8908976166443325
838.5 0.6927031888359056
839.0 0.9594801866700037
839.5 1.1036070994392546
840.0 1.2816338100696236
840.5 1.0275129138965047
841.0 1.5337739963890304
841.5 1.316841830933808
842.0 1.3447483818297399
842.5 1.1899832077724242
843.0 0.5895248547227212
843.5 0.6423931992993758
844.0 0.9844441976857096
844.5 0.9541474484976835
845.0 0.9145177217474716
845.5 0.497068099492642
846.0 0.8161480958662728
846.5 0.6479670097615122
847.0 0.6872858743173678
847.5 1.3564781782477455
848.0 0.7166657487080244
848.5 1.1578097946262482
849.0 1.294728557287128
849.5 0.5118891991197067
850.0 0.6232328471778362
850.5 0.28933388424855244
851.0 0.9342031681752575
851.5 1.0489470950211879
852.0 0.838469473966422
852.5 0.9120838446722291
853.0 0.35459940988839567
853.5 1.8209545527537032
854.0 1.2763319109496085
854.5 1.6153097807204628
855.0 0.6853568790567198
855.5 0.7679492555962293
856.0 0.9534385997629022
856.5 0.2
857.0 1.1463270704125474
857.5 0.5712711232643632
858.0 1.159415723608145
858.5 1.103474898773141
859.0 0.9526065899483018
859.5 1.0531059852624527
860.0 0.8883768817349366
860.5 0.35813942838319374
861.0 0.7494100335612046
861.5 0.5687852963452061
862.0 0.7846359317643727
862.5 1.6178409436144894
863.0 1.011898781727505
863.5 0.9158874014826079
864.0 0.6073956211534908
864.5 0.6541291981613395
865.0 1.455352222064187
865.5 1.3089901478119608
866.0 0.6049861495041555
866.5 0.9745075824244622
867.0 0.7184630225874552
867.5 0.5205650157706397
868.0 1.1954021754888262
868.5 1.3484627090134382
869.0 1.0030175136792805
869.5 0.7621431890720108
870.0 1.2119880634812938
870.5 0.6045005549732769
871.0 1.1110098581027104
871.5 0.8375866159270273
872.0 1.036368914164905
872.5 0.8471192894764782
873.0 0.6840303165994326
873.5 0.8799365535492856
874.0 1.1665470731892227
874.5 1.213264026543535
875.0 1.1456192558172633
875.5 1.2085286338125294
876.0 1.555066799436104
876.5 0.5341739142233405
877.0 1.1822733516550326
877.5 1.8026842187665624
878.0 1.0989199879621283
878.5 1.2344439739529878
879.0 0.4108735830099205
879.5 0.6091715369252813
880.0 0.7981457484339821
880.5 1.0610257474015405
881.0 1.4026125093610604
881.5 0.8732212458369674
882.0 1.4772569131613749
882.5 1.1903533389237577
883.0 0.727919580214359
883.5 0.7734522001290927
884.0 1.148216685615175
884.5 0.400808309948698
885.0 0.3783885597926344
885.5 0.7340447326169823
886.0 1.0003486965035988
886.5 0.761992933818924
887.0 0.9385732192763374
887.5 0.8415763911359613
888.0 1.5633645072299802
888.5 1.3260617992381425
889.0 0.6201290091611229
889.5 1.073950286056068
890.0 0.8971386530185025
890.5 0.5723155312760376
891.0 1.7287844658095093
891.5 1.439856695837229
892.0 1.633299597183528
892.5 0.6180198432897377
893.0 0.8580873277192677
893.5 0.8865691531340121
894.0 0.8124542425746518
894.5 0.5349382132657501
895.0 0.8976565974049511
895.5 1.1083953465491247
896.0 0.9748052132767109
896.5 1.5118351192386728
897.0 0.9153619878480671
897.5 1.1027944886462548
898.0 1.0835127155337847
898.5 0.7538861020654162
899.0 0.7090980192992885
899.5 0.8169129985153938
900.0 1.926223451885765
900.5 1.1383225980093745
901.0 0.8482570351558998
901.5 1.4417768494826215
902.0 0.5304103350453793
902.5 0.416018184476579
903.0 0.960756405796024
903.5 0.4701065457034538
904.0 0.37497556871997184
904.5 1.424066883834945
905.0 1.2257087908477582
905.5 0.7534981358300132
906.0 0.7804223574626223
906.5 1.3876085058223007
907.0 1.2070622505389115
907.5 0.8611636175731537
908.0 0.6992460896186772
908.5 0.7522524546675327
909.0 0.5894444952147802
909.5 0.816477835609371
910.0 0.8696363373568449
910.5 0.7903691480538688
911.0 0.711682336458497
911.5 1.1299142437764875
912.0 1.1103833397084677
912.5 1.9622735072982134
913.0 1.4209421281704153
913.5 1.5203635170953094
914.0 1.038957831868324
914.5 1.026572629629488
915.0 1.8659424798178517
915.5 1.0003066060729864
916.0 0.9284263916305949
916.5 1.1667975431062199
917.0 0.9433242158623716
917.5 0.48768370579256687
918.0 1.0279867368203448
918.5 1.163036127262355
919.0 1.178348437057706
919.5 0.57435977660303
920.0 0.7803033019566026
920.5 1.8035303356141825
921.0 1.7008937697159916
921.5 0.953759270431693
922.0 0.7803207964471501
922.5 0.862210546386094
923.0 1.4903881704834459
923.5 0.7817467775602187
924.0 0.8670871510023884
924.5 0.9577885566404721
925.0 0.7986295939624234
925.5 0.9986044529739445
926.0 0.7289026679858016
926.5 1.1529615096115546
927.0 1.0294911027409666
927.5 0.5439630609932832
928.0 0.7984036773399846
928.5 0.472782837294022
929.0 1.265061926336546
929.5 1.7073010250406269
930.0 1.1131226954222706
930.5 1.101982024321831
931.0 0.7210579832094308
931.5 0.8727951934712297
932.0 1.04122842288194
932.5 0.4229599727484388
933.0 1.0106333291306286
933.5 1.2653778814866898
934.0 0.7882580557481876
934.5 0.8993329602617467
935.0 1.0086870148418545
935.5 1.3864781539185063
936.0 1.8271611128017242
936.5 0.9877226623220368
937.0 1.5083658174191363
937.5 1.1203342593723598
938.0 0.965986902190513
938.5 0.7272622588802268
939.0 1.0228327637883319
939.5 1.1533543865129285
940.0 1.3035907445293398
940.5 0.6575654279746864
941.0 0.9350196844678367
941.5 1.4233452275994374
942.0 0.27475570446502373
942.5 0.8707164519508307
943.0 0.4590194693276553
943.5 1.0789298659563347
944.0 0.8792406913842862
944.5 0.39726835291167084
945.0 0.8516563701961555
945.5 0.9443290200267104
946.0 0.8604065355214623
946.5 1.05890900099849
947.0 0.6606488026471902
947.5 1.3837542947486527
948.0 1.399152143505169
948.5 1.0766030639198108
949.0 0.5192732036235588
949.5 0.33491752132489294
950.0 1.2837938784490537
950.5 1.230546295946549
951.0 0.6469192854905245
951.5 0.6773365135705016
952.0 1.046679854565184
952.5 1.1040331128117407
953.0 0.7143563880425009
953.5 1.366209331320413
954.0 1.265352292545237
954.5 1.1403308706597333
955.0 0.7936727929517321
955.5 1.0040309600029573
956.0 0.9444698951846853
956.5 1.2557136402821159
957.0 1.4326837720254415
957.5 1.269397475656746
958.0 0.8661890833803567
958.5 0.8827582333436946
959.0 0.8519244733511362
959.5 1.3510968169269713
960.0 0.5463045348853068
960.5 0.7552733851660007
961.0 0.9312672957342395
961.5 1.4904862372946974
962.0 1.9361903259185635
962.5 1.338588119836098
963.0 0.6624207008157819
963.5 1.4621600293875978
964.0 1.063373920176606
964.5 1.2854232406201485
965.0 2.3016696315953347
965.5 0.6808880125705938
966.0 0.6839355578639804
966.5 0.8353797498374611
967.0 0.8601669583428838
967.5 1.5388777831569016
968.0 0.3558750934192756
968.5 0.9748780473789866
969.0 1.26779091183679
969.5 1.1134125055995088
970.0 1.0183612557974322
970.5 1.630197122226361
971.0 1.2790015038421823
971.5 1.4251220364864767
972.0 0.9877126840055854
972.5 1.267242725849663
973.0 0.9475403302820217
973.5 0.8858708838412048
974.0 0.8968405636980167
974.5 0.9336883369539986
975.0 1.9059704663119965
975.5 0.4482632374814097
976.0 0.9437802478126651
976.5 0.8551688327277635
977.0 1.3637687811328765
977.5 1.064893273355116
978.0 0.8314389338943241
978.5 0.6361870297342438
979.0 1.492463484718629
979.5 1.3932871773940387
980.0 0.7053578051919585
980.5 1.0276826289895618
981.0 0.9616340697614614
981.5 1.08322045811917
982.0 0.9526812334977323
982.5 0.8592230254637114
983.0 1.0050247449054854
983.5 1.087175998704295
984.0 0.798024359906628
984.5 1.2950844033643891
985.0 0.7980636803379035
985.5 0.6982919619512722
986.0 0.5582114070213612
986.5 0.9651537771270831
987.0 1.1159042080060828
987.5 0.9526712529491594
988.0 2.291757925818106
988.5 0.6640194220795734
989.0 0.2
989.5 1.3594319813392044
990.0 1.1974721026084891
990.5 0.9877899746459569
991.0 0.918353934306732
991.5 1.1170866448217946
992.0 0.4810692315921077
992.5 0.7674981565677813
993.0 1.3168111374130658
993.5 1.6555038851892507
994.0 0.9734295777658577
994.5 0.4445330313376821
995.0 0.5698416131099212
995.5 1.6171093320869225
996.0 1.1539462514975232
996.5 0.6828793621934622
997.0 1.6693007292693773
997.5 0.6211598538409677
998.0 0.8888986421536789
998.5 1.336803260165222
999.0 0.9244616231468572
999.5 0.8611968007942222
1000.0 0.9212666495914815
1000.5 1.5941738145429873
1001.0 1.0159714843209515
1001.5 1.0345152586217408
1002.0 0.9579391104508262
1002.5 0.5419060376961198
1003.0 0.6505040422459452
1003.5 1.174545500684535
1004.0 1.2465628856900728
1004.5 0.91253319610574
1005.0 0.8740137818442636
1005.5 1.2273710410330647
1006.0 0.7300649229795181
1006.5 1.03187918429805
1007.0 1.2066240528076686
1007.5 0.9123234590063172
1008.0 0.6026993351808747
1008.5 0.75930932380209
1009.0 0.7756036107200943
1009.5 0.6847434472757421
1010.0 0.7637739369211964
1010.5 1.002771784061395
1011.0 1.854885625715236
1011.5 0.3566115371877363
1012.0 0.5395972594728282
1012.5 0.3621089602872346
1013.0 0.9098676575038637
1013.5 0.5516405198315598
1014.0 0.7062663550484932
1014.5 0.6608858542760762
1015.0 0.7505624675990501
1015.5 0.9056129224361628
1016.0 0.617388236842725
1016.5 1.1001702840961438
1017.0 0.8574009412814836
1017.5 1.2296513546201382
1018.0 1.9126569697595346
1018.5 1.4117689734001329
1019.0 1.0507606561323337
1019.5 1.0556216019954396
1020.0 1.4979935235014814
1020.5 1.1183522935037125
1021.0 1.9414576876698342
1021.5 0.8520549976240097
1022.0 0.7080066212159162
1022.5 0.8569715395089124
1023.0 1.3821587806471012
1023.5 1.2079934929695604
1024.0 0.6558702995092385
1024.5 0.9083145194104353
1025.0 1.646476802416525
1025.5 0.8887842809282893
1026.0 0.6629394018412216
1026.5 0.7228904451835008
1027.0 0.9046761679862105
1027.5 1.0319434386303403
1028.0 0.29015493661053593
1028.5 1.3755599898344848
1029.0 1.7939606629968332
1029.5 0.7174880988038587
1030.0 0.6582248964952042
1030.5 0.7852433011597539
1031.0 1.0380141635243483
1031.5 0.6952044180429456
1032.0 1.7055609853209108
1032.5 0.8186392585684422
1033.0 0.4535233758646735
1033.5 1.1395362821408606
1034.0 1.7991172535699897
1034.5 0.9067293426339987
1035.0 0.868393507328071
1035.5 0.9369220883364825
1036.0 0.888551601636435
1036.5 0.8727819536334688
1037.0 0.8632881749692775
1037.5 2.1721870617651264
1038.0 1.783382503797632
1038.5 1.0176247750584333
1039.0 0.7029577026516833
1039.5 1.3322171858844216
1040.0 1.0067918359971575
1040.5 1.9607738737006901
1041.0 0.7758769302419267
1041.5 0.31460495858940596
1042.0 0.8190578064982444
1042.5 1.6732106245098795
1043.0 0.5120993508896855
1043.5 1.615298248428473
1044.0 0.8533464896778418
1044.5 0.8426048765969849
1045.0 1.4037275070229769
1045.5 0.9788916667323283
1046.0 0.870171430270027
1046.5 1.3624247348824878
1047.0 0.23936607807537214
1047.5 1.9122251285736196
1048.0 1.1636669538578892
1048.5 1.86142856377031
1049.0 0.9259127987432694
1049.5 1.2910106667229586
1050.0 0.9506983144095235
1050.5 1.9518162234796699
1051.0 0.6998036812685735
1051.5 0.552464992138142
1052.0 0.8404977163767323
1052.5 0.9414477513779546
1053.0 0.8486324989845813
1053.5 0.7220617545244493
1054.0 1.2629983843916532
1054.5 0.6746538056536671
1055.0 0.9385472452942407
1055.5 1.2475619351544602
1056.0 0.5911197404477126
1056.5 0.9087790019246607
1057.0 1.7347562524543512
1057.5 1.016894187471807
1058.0 1.6219842341304056
1058.5 1.2706825403216588
1059.0 1.3217019377012191
1059.5 0.6652132993422636
1060.0 0.8401228103773783
1060.5 1.8523494535102252
1061.0 0.9695744383081734
1061.5 0.7509570391000793
1062.0 1.375007256597371
1062.5 1.2482214992916498
1063.0 0.6175214049763339
1063.5 1.0227712963547022
1064.0 1.8096737393827045
1064.5 0.6341113585159706
1065.0 1.014660906480694
1065.5 0.6962468744639158
1066.0 0.8067856925360581
1066.5 0.8076155303445908
1067.0 0.570026673554421
1067.5 1.4819805165948696
1068.0 0.8060121382677101
1068.5 0.6181705988326962
1069.0 0.9543508153712806
1069.5 0.8488342561932014
1070.0 1.4781505709139275
1070.5 0.950001128771189
1071.0 0.7119247178642573
1071.5 0.9509778262725098
1072.0 0.871063185315789
1072.5 1.5061212153498968
1073.0 0.7843234737945197
1073.5 0.9038195950352883
1074.0 1.039727972329656
1074.5 2.2594098414176806
1075.0 1.080805381131496
1075.5 0.8998767808572855
1076.0 0.21209271579704092
1076.5 1.1912590912207146
1077.0 0.6550089945635196
1077.5 1.4313201141606704
1078.0 0.6018973302795891
1078.5 0.6398898654138787
1079.0 1.2822075271521878
1079.5 0.961984341206572
1080.0 1.1283688824707832
1080.5 1.2604869677751513
1081.0 1.0635509412766384
1081.5 0.6451528789908592
1082.0 1.4099318108092662
1082.5 0.8784990062320062
1083.0 1.119871480340267
1083.5 1.2848088360380046
1084.0 1.01088341674579
1084.5 0.9633756616422843
1085.0 1.911811155720033
1085.5 1.522016658904537
1086.0 0.7235865755044552
1086.5 0.8831574324564989
1087.0 1.9661054779236786
1087.5 1.078461394793219
1088.0 1.0277432958734942
1088.5 0.8729023761049429
1089.0 0.7785184227170107
1089.5 0.9976898411131576
1090.0 0.9648632806854365
1090.5 1.2078355454566916
1091.0 0.9575081338448744
1091.5 0.8135207439147665
1092.0 1.1165365298405585
1092.5 2.164068113889631
1093.0 0.6392446253290895
1093.5 0.8725669061292884
1094.0 1.1935471346024822
1094.5 0.870495862859878
1095.0 0.7096469063361242
1095.5 0.8204504470853178
1096.0 1.5419477698169677
1096.5 1.4395535898268552
1097.0 1.2221602101596512
1097.5 1.0747362343444866
1098.0 0.3353339399149743
1098.5 1.0534342599432014
1099.0 1.002855245959598
1099.5 0.773334102294724
1100.0 0.4302754321406633
1100.5 1.5439660500688825
1101.0 0.8954446421995127
1101.5 0.8097839963560846
1102.0 1.19326226817966
1102.5 1.5039486877019221
1103.0 0.6079919107237279
1103.5 1.577270800651295
1104.0 0.5513256759945115
1104.5 1.2761163757460596
1105.0 0.9819963820041981
1105.5 0.8855769526864422
1106.0 0.9113836830212737
1106.5 1.1863774750581828
1107.0 0.9909608453215676
1107.5 0.9544131621733396
1108.0 0.7452332834716997
1108.5 0.7148783298301083
1109.0 1.2150067010671073
1109.5 1.3889509006336178
1110.0 1.4922750145119923
1110.5 0.5195790479387825
1111.0 1.3451888209067553
1111.5 0.7135352435003268
1112.0 0.7623598383153416
1112.5 1.7865371497957803
1113.0 0.5888625682949085
1113.5 0.5616820328760533
1114.0 1.1428881093408658
1114.5 0.8939978139189226
1115.0 0.750193705477093
1115.5 0.7415100892895772
1116.0 1.3222573870193313
1116.5 1.2905347614000549
1117.0 0.9803653503221733
1117.5 0.7085646215689962
1118.0 1.007005499864814
1118.5 1.5813279804693243
1119.0 1.1724792800451282
1119.5 0.535100623910896
1120.0 0.8242192796034501
1120.5 0.2936018179068801
1121.0 1.1052176702600072
1121.5 1.0928270540494467
1122.0 0.9944028874660656
1122.5 0.4813003426757164
1123.0 0.6314523703253203
1123.5 0.8267919880676553
1124.0 0.5192168487211286
1124.5 1.1198063326809735
1125.0 0.9481944789156935
1125.5 0.9742985476994603
1126.0 0.8635981662491956
1126.5 0.926425226104991
1127.0 0.7401510521789484
1127.5 1.3512011646374904
1128.0 1.4945279477006204
1128.5 0.748715395139113
1129.0 0.7448691530118567
1129.5 1.3376054608334598
1130.0 1.050181397542957
1130.5 0.6291377003281456
1131.0 1.2506374652089391
1131.5 0.7890478418338565
1132.0 0.9384087283731993
1132.5 1.0060345661267502
1133.0 1.2229616248155066
1133.5 0.4672319298778394
1134.0 0.4835730465982972
1134.5 0.9103318646208133
1135.0 1.0141665861504112
1135.5 1.3396502618136488
1136.0 1.261477084142594
1136.5 1.8542934865105019
1137.0 0.7659898823021761
1137.5 1.0847656704146185
1138.0 1.3054162663068714
1138.5 0.2
1139.0 1.4288074709481453
1139.5 0.891629270319644
1140.0 0.47460480880480094
1140.5 1.3082626238106285
1141.0 1.0849818761260428
1141.5 0.959297022538109
1142.0 0.6335363656202635
1142.5 0.822470247722601
1143.0 0.8920742498501546
1143.5 0.7822998901885462
1144.0 1.029043519616852
1144.5 0.6797028313802838
1145.0 0.873865073465971
1145.5 0.4459394671006051
1146.0 0.6600523714416888
1146.5 0.46690365598883465
1147.0 0.5818712971426458
1147.5 1.1561967755140263
1148.0 0.7930279955497495
1148.5 1.3983086037863632
1149.0 0.9927724971614871
1149.5 1.031230342092522
1150.0 0.9913963988552089
1150.5 1.4536373319946743
1151.0 0.8893061781094052
1151.5 0.964669354311553
1152.0 0.6530906626887436
1152.5 0.2
1153.0 1.4712120029405709
1153.5 1.0812442918596128
1154.0 0.6738201553055164
1154.5 1.350046456351964
1155.0 0.5408562305709603
1155.5 0.49161711671136193
1156.0 0.6048215069492975
1156.5 0.9001603078615401
1157.0 0.7705746663015389
1157.5 0.5991844399612971
1158.0 0.9850395421670107
1158.5 0.8575477120510184
1159.0 0.7004843604128761
1159.5 1.445350037850318
1160.0 1.7085277427480445
1160.5 1.1858455188651247
1161.0 1.2317096770654583
1161.5 1.0568757640604285
1162.0 0.6177434048490127
1162.5 0.7523255354245975
1163.0 0.7052481139626805
1163.5 1.237781403966927
1164.0 0.980161991123948
1164.5 0.6567746833271031
1165.0 1.0293401549773336
1165.5 0.6150329030204685
1166.0 0.5381597739582817
1166.5 1.004918431280664
1167.0 1.1562642503507736
1167.5 0.47259415078480754
1168.0 1.3597061686981964
1168.5 1.7520574624725564
1169.0 0.995470683271672
1169.5 0.905928357123151
1170.0 0.45397883878596046
1170.5 0.8012502143702596
1171.0 0.7639882014018489
1171.5 1.3372434724296878
1172.0 0.521783450117746
1172.5 1.0911114773175088
1173.0 1.0164228913450901
1173.5 1.203233214589169
1174.0 1.058714937890162
1174.5 1.0201754281014095
1175.0 1.6652442416337592
1175.5 0.8157025901533131
1176.0 1.0667135865884405
1176.5 1.6030201190951794
1177.0 0.6519133729318011
1177.5 0.909160386912864
1178.0 1.312756223628504
1178.5 0.6776164889111806
1179.0 1.253699445435648
1179.5 0.7364961320572168
1180.0 0.4747064827769424
1180.5 1.1120488600279719
1181.0 0.8359543969690518
1181.5 1.0011106368939513
1182.0 1.338057248884502
1182.5 0.9048806126355103
1183.0 0.6624442400680481
1183.5 0.7461663065652554
1184.0 1.1638704124485555
1184.5 1.087422136599344
1185.0 1.687607174572673
1185.5 1.476529681927646
1186.0 0.973863459368814
1186.5 1.2100735042728739
1187.0 0.8180842059553131
1187.5 1.4298387808621702
1188.0 1.1454292593661795
1188.5 0.5403178909640239
1189.0 0.8791888413982729
1189.5 0.803395054081534
1190.0 1.7010461129930894
1190.5 1.2960665102998514
1191.0 1.708225339886387
1191.5 0.8041632521523052
1192.0 0.6433292850051735
1192.5 1.1146703708645642
1193.0 0.8238306163681374
1193.5 0.971475694807114
1194.0 0.8083978155073772
1194.5 1.542784103440853
1195.0 0.6261104266297891
1195.5 0.9621139720858881
1196.0 1.4041314709376986
1196.5 0.7825543437196285
1197.0 0.9135976055716286
1197.5 0.2
1198.0 0.9275591496285813
1198.5 0.7602313201495322
1199.0 0.5960674291866971
1199.5 1.8122886169347265
1200.0 0.4769430885284578
1200.5 1.3212525337488836
1201.0 0.933445270013616
1201.5 0.28081864358545006
1202.0 1.5886159573825056
1202.5 0.8643929909546691
1203.0 0.6959424104966022
1203.5 1.873638568304215
1204.0 0.6524814265225498
1204.5 0.8531180251821202
1205.0 1.3448275861397994
1205.5 1.0021399282157455
1206.0 0.6342948510027844
1206.5 1.6335914115201007
1207.0 0.897237450430049
1207.5 1.334144162761412
1208.0 1.0749812244936499
1208.5 0.503645777952607
1209.0 0.6565348504962556
1209.5 0.7356757323640205
1210.0 0.8029678489231802
1210.5 0.8810281870219184
1211.0 0.7852722469821658
1211.5 0.5435597939178749
1212.0 0.7872923370595472
1212.5 0.8588387735554666
1213.0 0.6892727241286313
1213.5 0.7681684830746183
1214.0 0.34162199767668144
1214.5 1.4730056523508486
1215.0 1.1122557432131464
1215.5 1.0683199006581283
1216.0 0.9252472784213546
1216.5 1.0755830894741356
1217.0 0.7903356418045127
1217.5 1.5662516518615628
1218.0 1.4062370332430234
1218.5 0.2
1219.0 1.3509057697384659
1219.5 0.7268070097068223
1220.0 0.9681973568588823
1220.5 1.3635883260558472
1221.0 1.0057928751636924
1221.5 1.1389109904024792
1222.0 0.7118435859866761
1222.5 1.4787937417923351
1223.0 0.7293196816439668
1223.5 0.8381085786427525
1224.0 1.5178668273456646
1224.5 0.8380875348889975
1225.0 0.5854183142287205
1225.5 1.2843680254277494
1226.0 0.9181026984290374
1226.5 0.9349145366176357
1227.0 0.8720099375920439
1227.5 0.9796428972398953
1228.0 0.7674128234483693
1228.5 0.7740771091475691
1229.0 0.6223078005630592
1229.5 0.425100461787972
1230.0 0.6401863325196833
1230.5 1.6020541717379544
1231.0 1.110859988012256
1231.5 0.9452431900592326
1232.0 1.0248600555910445
1232.5 1.4119884386013104
1233.0 1.2092184553154468
1233.5 0.9040652152370027
1234.0 1.5039760694752733
1234.5 0.8391698442380507
1235.0 0.701106898223731
1235.5 0.8180476893045567
1236.0 0.5032815550666225
1236.5 0.9635787439778152
1237.0 0.9782494968797302
1237.5 1.052460764835205
1238.0 0.7810699630968757
1238.5 0.4853586797136538
1239.0 0.8276776700681192
1239.5 1.3765261591944746
1240.0 1.212361117329709
1240.5 0.9296682059775492
1241.0 1.3415985171278075
1241.5 0.6261853230754818
1242.0 1.2467748256618933
1242.5 0.9315123067927784
1243.0 1.1023101468820813
1243.5 0.8184269875980896
1244.0 0.86236140162589
1244.5 1.7916054070712266
1245.0 0.7017764406911622
1245.5 1.3508178935233577
1246.0 0.8627483329689484
1246.5 0.8894365359015387
1247.0 0.8170965604880437
1247.5 0.9112482212820076
1248.0 0.7346767558708422
1248.5 1.9039076414929683
1249.0 0.8899097142498653
1249.5 0.5653455080310015
1250.0 0.8140098368437338
1250.5 1.5454748150701327
1251.0 1.050891539917313
1251.5 0.9916819249790227
1252.0 0.7865254011622395
1252.5 1.2762579123051703
1253.0 0.865211284932608
1253.5 0.5877174219769152
1254.0 1.190430871109342
1254.5 1.073393778190427
1255.0 0.6180434972483715
1255.5 1.2035493713594398
1256.0 0.9476369143894606
1256.5 1.1144385717438756
1257.0 1.5090153564656084
1257.5 1.7342003631395415
1258.0 0.2702233076285455
1258.5 0.6859504442341119
1259.0 0.9472673013521095
1259.5 1.1175088950307712
1260.0 0.6574297816328993
1260.5 2.5233678656847163
1261.0 0.8664295163168237
1261.5 0.9765161036556536
1262.0 1.6324110781770624
1262.5 0.9989934447787007
1263.0 0.8807024466476842
1263.5 1.6876250475538785
1264.0 0.8896300321922863
1264.5 0.5856689730632361
1265.0 0.8476162254220576
1265.5 1.3682711446442037
1266.0 1.1233666071142157
1266.5 1.0431085289056399
1267.0 1.0568269043257708
1267.5 0.8749647365939668
1268.0 1.15549261269059
1268.5 1.1914159282556667
1269.0 0.7653743235663883
1269.5 0.8632367150434493
1270.0 1.0789355967581136
1270.5 0.7601668831551883
1271.0 1.1934800543257247
1271.5 1.2035906624694923
1272.0 0.7869218361721713
1272.5 0.6892708103678757
1273.0 1.2322971963375613
1273.5 1.3106424008879092
1274.0 1.037523869705486
1274.5 0.7761139131396513
1275.0 0.8797629303508252
1275.5 0.7377214894407391
1276.0 0.7391629019378121
1276.5 1.8872405614946262
1277.0 0.2942577130057452
1277.5 0.9382242841705304
1278.0 1.1307920297903538
1278.5 1.3600521995102224
1279.0 1.2735702258317079
1279.5 0.9507734783322466
1280.0 0.9086004511907619
1280.5 1.3763052377470708
1281.0 1.5315151325448997
1281.5 1.162684503554991
1282.0 0.975121830223509
1282.5 0.6525343621423898
1283.0 0.7903805876278438
1283.5 0.4983684450797721
1284.0 0.6402307765193969
1284.5 1.1560478238074388
1285.0 1.6332576909614454
1285.5 0.6594372201980586
1286.0 0.9308335853974945
1286.5 0.641021966681242
1287.0 0.9779906813319458
1287.5 0.8180128392540099
1288.0 0.9918636157346445
1288.5 0.7842141007971992
1289.0 1.4060092578773284
1289.5 0.96342154003032
1290.0 0.7678339605904011
1290.5 0.6273903443126988
1291.0 0.9479864620894161
1291.5 0.6505403344020451
1292.0 1.318288955823916
1292.5 1.3853886183948538
1293.0 0.6854309448819076
1293.5 1.1977506997956477
1294.0 0.43562452314176237
1294.5 0.7473531793436883
1295.0 0.8372239913548375
1295.5 1.2017164972887335
1296.0 1.248819703682459
1296.5 0.7651178825847429
1297.0 0.6683371337760348
1297.5 0.7996848183147391
1298.0 1.0191118905113188
1298.5 0.9775054305056456
1299.0 0.9528290512722761
1299.5 0.945156514865347
1300.0 0.6284318361019595
1300.5 0.9838627951166639
1301.0 0.8063332888802093
1301.5 1.8885684131691622
1302.0 0.7871231292272111
1302.5 0.9567054362300392
1303.0 0.5115869190840822
1303.5 0.9718515024946042
1304.0 0.9985796197698704
1304.5 1.127667370735832
1305.0 0.6550628752298235
1305.5 1.2628284224607484
1306.0 0.8918393412683605
1306.5 0.871718255526743
1307.0 0.9389655705889977
1307.5 1.6254116158793948
1308.0 1.3218874408306007
1308.5 1.0756069814029867
1309.0 1.3056082570206482
1309.5 0.6783005084580176
1310.0 0.40799191214254626
1310.5 0.5042161936891696
1311.0 0.8394793536310399
1311.5 0.9901603956535889
1312.0 0.6380274627443919
1312.5 0.8333192934118847
1313.0 0.7976242659224657
1313.5 1.436614768089314
1314.0 0.4977175269851725
1314.5 0.8037993628219366
1315.0 0.9450910181540497
1315.5 0.9351913463643592
1316.0 0.8691285635309693
1316.5 1.6611228939442262
1317.0 1.0112110428751069
1317.5 0.5773463511717334
1318.0 0.9030702338498365
1318.5 0.6080720703483536
1319.0 1.2258384226410897
1319.5 0.6694169002933958
1320.0 0.2
1320.5 0.9719231272951196
1321.0 1.181918754139597
1321.5 0.7960442719274322
1322.0 0.7740727263396845
1322.5 1.6448088081051728
1323.0 0.8368288762490889
1323.5 0.8756419004964251
1324.0 1.0865682876659721
1324.5 1.165634601503911
1325.0 0.8355759581066509
1325.5 0.5671537007734078
1326.0 1.1105238386303344
1326.5 0.8853316337651438
1327.0 1.0389043599552004
1327.5 1.0518359879633024
1328.0 0.8413395463577213
1328.5 1.8012485934277813
1329.0 1.1816605377566893
1329.5 1.3084234521094962
1330.0 0.5877150379188139
1330.5 1.2064750171010332
1331.0 1.308344330613045
1331.5 0.8840393326126663
1332.0 1.2273744680315144
1332.5 0.8259499377713203
1333.0 0.8786254471102508
1333.5 0.7595359734134575
1334.0 0.46393890349594347
1334.5 0.618015636834508
1335.0 0.8163555752854269
1335.5 0.7374965923959211
1336.0 1.7777409393353016
1336.5 0.7326116318886404
1337.0 1.4792767047733788
1337.5 1.0221642300630107
1338.0 0.8216342378796215
1338.5 0.9620225466006096
1339.0 1.081204969705688
1339.5 0.9163689794594115
1340.0 0.6467667162931853
1340.5 0.4839622046645193
1341.0 1.4211914273831012
1341.5 0.9086542563805168
1342.0 1.2611455792648558
1342.5 1.0227717793613273
1343.0 1.1905648083207099
1343.5 1.3813437213191573
1344.0 1.1361344022173059
1344.5 0.8164838268014889
1345.0 0.7853433657571656
1345.5 0.8684386834501893
1346.0 1.2423583253422625
1346.5 0.6562154127394525
1347.0 0.8541639943615539
1347.5 1.0938315058443857
1348.0 0.5771343717067989
1348.5 0.8439938639853795
1349.0 1.0740800879905845
1349.5 0.7287282094098967
1350.0 0.9719519815908959
1350.5 0.695357424082619
1351.0 1.7300979078729126
1351.5 1.3997150488737207
1352.0 1.0229281164102804
1352.5 1.286732010617666
1353.0 1.0267267409790966
1353.5 0.2
1354.0 1.1280094991000933
1354.5 0.9952620612724917
1355.0 0.4793195819076639
1355.5 1.6447385568325106
1356.0 0.7447883184732054
1356.5 0.58557391310808
1357.0 0.9710304540106761
1357.5 0.5650282865298021
1358.0 0.5604260895905704
1358.5 0.6689646984600927
1359.0 1.096434183935622
1359.5 0.8110515372021531
1360.0 0.8573027595306383
1360.5 0.5281902523218898
1361.0 1.0559262800138631
1361.5 1.1291519979138938
1362.0 0.9358626530298311
1362.5 2.1506033656364822
1363.0 0.3228157163807298
1363.5 1.1607030425591436
1364.0 1.1479303411149786
1364.5 1.1148447915069193
1365.0 1.6295370971371796
1365.5 0.674422446760264
1366.0 1.4917144972409395
1366.5 1.2278214779429486
1367.0 1.543326307366757
1367.5 0.7739861686025169
1368.0 1.2341818058204899
1368.5 2.1739235261414183
1369.0 0.7390082569500729
1369.5 1.07045669117442
1370.0 1.1134757278233338
1370.5 0.930923652363805
1371.0 1.1136031573306355
1371.5 0.5603410986948005
1372.0 1.762683718613221
1372.5 1.991966192682053
1373.0 1.0034530709073681
1373.5 1.0035695537954117
1374.0 1.4319796131948745
1374.5 0.7973830835181768
1375.0 0.3463969706091936
1375.5 1.722327792300093
1376.0 1.0714999133843675
1376.5 0.9736942501833141
1377.0 1.0360439629497824
1377.5 0.7040833397846373
1378.0 1.1758908773524257
1378.5 0.5407713485123046
1379.0 0.8950361425220161
1379.5 1.2064847253928677
1380.0 0.9565058336820785
1380.5 0.9980261377215089
1381.0 0.7830767046834247
1381.5 0.8030872810924226
1382.0 0.740298746311469
1382.5 0.9630465165018599
1383.0 0.7669162946922317
1383.5 0.8525141071063596
1384.0 1.3753391947403841
1384.5 0.43862104339240665
1385.0 0.8736199537534578
1385.5 0.9017651644336206
1386.0 1.0735645400105187
1386.5 0.863160059310534
1387.0 0.6475421827994824
1387.5 0.6224782481944994
1388.0 1.0002512971069173
1388.5 1.1004045998148653
1389.0 1.56994185159036
1389.5 1.3883147233031368
1390.0 1.7525164802956454
1390.5 0.8575655355769104
1391.0 0.9559975878809158
1391.5 0.5789497646840098
1392.0 1.1497598552618167
1392.5 0.742212319705995
1393.0 1.3309268604017142
1393.5 0.9550238915886974
1394.0 1.4039733438833903
1394.5 0.9116711263571557
1395.0 0.8429720815229679
1395.5 1.271679483875202
1396.0 1.0695580634268067
1396.5 1.3551758551251878
1397.0 1.0775191147028214
1397.5 0.8978998716313752
1398.0 1.7177227433854747
1398.5 1.0060975309699136
1399.0 0.8834300564674702
1399.5 1.0424087646921085
1400.0 0.8254018285961057
1400.5 0.8280058295421497
1401.0 0.9329114898880225
1401.5 0.42831204530157274
1402.0 1.0507827874404012
1402.5 1.398269463904725
1403.0 0.8228665748165513
1403.5 0.4654270910930772
1404.0 0.904507429001477
1404.5 0.9433106038549938
1405.0 0.851859130818127
1405.5 1.4934931701119516
1406.0 0.8164875020308762
1406.5 2.339330892955525
1407.0 1.3302955219526105
1407.5 1.5943011885597809
1408.0 1.4704353938913024
1408.5 1.5104667380936303
1409.0 0.6108120507570637
1409.5 0.5585378210844302
1410.0 1.110933705142839
1410.5 1.1610341940075006
1411.0 1.0377302850999341
1411.5 0.9264542760689576
1412.0 0.30622866919695657
1412.5 1.1075490163883484
1413.0 0.9313374124291773
1413.5 1.1541286775478783
1414.0 1.7506533222109804
1414.5 0.8549782819790132
1415.0 1.1345733818235555
1415.5 1.29500322430057
1416.0 0.6642866950592445
1416.5 1.327654127097495
1417.0 0.9695796211687173
1417.5 1.3457407042250016
1418.0 1.0488024215732752
1418.5 1.325408210058387
1419.0 0.5855613914709678
1419.5 1.4327704729945974
1420.0 1.0685052987037462
1420.5 1.0273654275433106
1421.0 0.5557126841681281
1421.5 1.3455212314406269
1422.0 0.8871924241082215
1422.5 0.7732924954217942
1423.0 1.0060499872679312
1423.5 0.4279179339405084
1424.0 0.7339814998419882
1424.5 1.0274339887003217
1425.0 1.2712008749381503
1425.5 0.7110239398125366
1426.0 0.7559293967705656
1426.5 0.4170184830849777
1427.0 0.7127346137951391
1427.5 0.8111735577073221
1428.0 0.39704010160836656
1428.5 0.7176253313628373
1429.0 2.295179779652609
1429.5 0.4996399429377509
1430.0 0.6582935672871437
1430.5 0.9685650198342062
1431.0 0.8957962809584492
1431.5 0.9336085444361946
1432.0 1.9453392010404
1432.5 0.7221647609597948
1433.0 1.420970489103486
1433.5 0.4311872301032168
1434.0 1.7671701247909755
1434.5 0.9198324838807024
1435.0 0.9164450491911995
1435.5 0.8080646264957381
1436.0 0.5938646367301554
1436.5 0.6721647265447621
1437.0 1.068597140121013
1437.5 1.3196490857813474
1438.0 0.7926320443052735
1438.5 1.9918366539702337
1439.0 0.7246635128536978
1439.5 1.1450564963157257
