0 0.9827076453632865
0.5 1.3049977205205994
1.0 0.7127442184207924
1.5 1.1277853878312465
2.0 1.3737303453746463
2.5 0.8257795528459274
3.0 1.3901564001898574
3.5 1.2589881144458457
4.0 0.8214683252127166
4.5 0.5315676273435372
5.0 1.045771801541321
5.5 1.286241565714069
6.0 0.5929612118465227
6.5 0.8579365603688409
7.0 0.9824099442505445
7.5 0.5284208180290434
8.0 1.2216809349303688
8.5 1.105309016162447
9.0 0.7615037476890401
9.5 0.52712345112454
10.0 1.008898769370696
10.5 1.0629553854047376
11.0 1.5413654286297365
11.5 0.9763730855776571
12.0 0.2
12.5 1.1642639546053055
13.0 1.3475848577648937
13.5 1.461776191239471
14.0 1.1798431940700924
14.5 0.907851042950232
15.0 0.761288630961682
15.5 1.097889588046071
16.0 1.1705192665601087
16.5 1.8023051281489955
17.0 1.3946551878254718
17.5 0.5102188551215452
18.0 1.2399934160381523
18.5 1.4060062880552415
19.0 0.7600161059123192
19.5 0.8547198729794925
20.0 1.0102596237397963
20.5 1.276954740977979
21.0 1.1949151526274129
21.5 0.8775677895896576
22.0 0.59100930295343
22.5 0.9318939465035777
23.0 1.1852225450443163
23.5 1.3215698997811014
24.0 1.0723350642167115
24.5 1.1867288920275303
25.0 1.1786674436043134
25.5 1.177837460008044
26.0 1.2743454777114636
26.5 1.2390245099480102
27.0 1.013997793245227
27.5 1.108589842698311
28.0 1.1612555645360976
28.5 0.8376158765447703
29.0 0.5350217641847075
29.5 1.0442132949909915
30.0 1.2344553365044328
30.5 0.4472700884974343
31.0 0.6859055027189852
31.5 0.9513638095977037
32.0 1.2883932519353967
32.5 0.982012746966593
33.0 0.9326123493200744
33.5 0.5851499459237806
34.0 1.1327367088221094
34.5 0.8416849794929506
35.0 1.1784300580833829
35.5 0.2
36.0 0.9375148121881631
36.5 0.7028018256646652
37.0 1.0534101350248601
37.5 0.6388267688345968
38.0 1.4130626949143275
38.5 1.0781068487366852
39.0 0.6813149296682823
39.5 0.5077282773936751
40.0 0.8578690606565176
40.5 1.0414845258822623
41.0 0.7588272027347174
41.5 0.7235307658694251
42.0 0.9036799654172851
42.5 1.1362829196566946
43.0 0.6823423759897094
43.5 0.8878024154625072
44.0 0.5292007629446855
44.5 1.074510616127624
45.0 0.8673126147937266
45.5 0.8919115451312709
46.0 1.724345834289006
46.5 1.0192842350283515
47.0 1.4037442515563656
47.5 0.8761270355278564
48.0 0.9580682137749028
48.5 0.8686777994094251
49.0 1.0303656723195063
49.5 1.4169669863423535
50.0 1.5190208786174528
50.5 0.8174139353253917
51.0 0.6144965754295708
51.5 1.2897970454129708
52.0 0.6851560049914679
52.5 1.6355500745958031
53.0 0.7990617619590074
53.5 0.725067368707663
54.0 0.22600002739616476
54.5 0.400707829793635
55.0 0.5784862888609115
55.5 0.6652243101257975
56.0 0.6643622520354127
56.5 2.2270218410240417
57.0 0.6264369986294083
57.5 1.2137808272776276
58.0 1.0486452580421495
58.5 0.3821355631807481
59.0 1.1311108120050672
59.5 1.2806740312046472
60.0 0.9110332154052535
60.5 0.8689895482192079
61.0 0.7775936347934951
61.5 0.29959503810483756
62.0 1.124992931801905
62.5 0.9298872684864782
63.0 1.328156488518013
63.5 0.8593535222542292
64.0 1.5599043891257622
64.5 1.1206723510125864
65.0 0.8454652728897998
65.5 0.7981197092535612
66.0 0.8086701399442949
66.5 0.64936613064485
67.0 1.2116751182826213
67.5 0.8256314394623627
68.0 0.6340067948551513
68.5 0.767293276751024
69.0 0.5173730641305363
69.5 0.885414845057256
70.0 0.2
70.5 1.3583858444389176
71.0 0.548877637173962
71.5 0.4825327688415198
72.0 1.312019828055139
72.5 0.8446823162338765
73.0 1.0178227179560118
73.5 1.375247262248622
74.0 0.7110734422224162
74.5 0.558083882800444
75.0 1.5326229638492141
75.5 1.315259907719962
76.0 0.681823082534372
76.5 0.6627516094109259
77.0 0.9274842399162159
77.5 1.2589283764724617
78.0 0.7008848696562445
78.5 1.0266761385560121
79.0 1.2102783256981233
79.5 1.0811871775666493
80.0 0.9077316299465015
80.5 0.9612983380610546
81.0 1.05903250208868
81.5 1.4600863579084313
82.0 1.0345545639534937
82.5 1.0818056315682116
83.0 0.48337268274851575
83.5 1.272911393867179
84.0 0.8445669161638677
84.5 1.1565745354618808
85.0 0.7006055224806871
85.5 1.1347902711150322
86.0 1.2733416633347179
86.5 1.1407765584297849
87.0 1.1420068015061848
87.5 1.6231753967533253
88.0 1.242621614973511
88.5 1.0643600688701067
89.0 0.5076887586423393
89.5 0.5346652876104666
90.0 0.7620177735102368
90.5 0.8880687557852912
91.0 0.5610196257741599
91.5 1.1104722412506312
92.0 1.0059771735752414
92.5 0.34082687527148303
93.0 1.72459258992509
93.5 0.9507809766016823
94.0 0.9172695704838364
94.5 0.7774116351767384
95.0 0.839777704702427
95.5 1.316042000631406
96.0 0.3449012053419873
96.5 1.253870222617946
97.0 1.3242825654632266
97.5 1.2040519793131559
98.0 1.45717937303289
98.5 0.9141871014417453
99.0 0.9166811055532521
99.5 0.8354212537325414
100.0 1.2807248768496395
100.5 0.9314043894838536
101.0 0.5260982640901942
101.5 0.5487560592739789
102.0 0.28930359107821746
102.5 1.340160642200645
103.0 0.8638465906716106
103.5 0.6912206191815494
104.0 0.72386192857348
104.5 0.37342414410158675
105.0 0.9413105998929918
105.5 1.1228346923330705
106.0 0.8798085343652964
106.5 0.8551354588434076
107.0 0.7251237238252835
107.5 1.727686415872852
108.0 0.6613975858875529
108.5 0.7729952673700973
109.0 1.2076556435679358
109.5 0.8834668181815394
110.0 1.217423284057808
110.5 0.2
111.0 1.6031239988130523
111.5 1.8484145809245214
112.0 1.7919570846836153
112.5 1.4799884493313746
113.0 0.6852132778893881
113.5 0.7988009654711234
114.0 1.2192644031386342
114.5 0.6952737126730423
115.0 0.5789591113901503
115.5 2.1948715072416998
116.0 0.7423439223068939
116.5 0.5780582120239135
117.0 1.6722989528564947
117.5 1.6105691812263538
118.0 0.9679058388437611
118.5 1.247616889431477
119.0 0.8093734918811203
119.5 0.7345090582414857
120.0 1.247237384894678
120.5 0.7731432664308967
121.0 0.6935273571495499
121.5 1.4891181587691378
122.0 1.527125522364094
122.5 1.3192605181869417
123.0 1.3565800144270828
123.5 1.3064554309916545
124.0 1.396903396159415
124.5 1.6335145216285714
125.0 0.9465155586394789
125.5 0.9737814678623502
126.0 0.764516186669957
126.5 0.668159714740805
127.0 1.455496743292986
127.5 0.9358693432073426
128.0 1.1274790047859966
128.5 0.8880822209243796
129.0 1.220880615304331
129.5 1.2878770521506901
130.0 0.8294181233993825
130.5 1.7180843321533468
131.0 1.7786245759489943
131.5 1.3705766451521715
132.0 0.9738929604162313
132.5 0.8251738642271275
133.0 0.6498108922638111
133.5 1.0022856796727266
134.0 0.7616113439037513
134.5 0.8373345091498839
135.0 1.4053638233085364
135.5 1.1290197913730458
136.0 1.0601118836552061
136.5 0.6245960304114198
137.0 0.8341176646987807
137.5 1.3708672780309956
138.0 1.0183042760670613
138.5 1.0329923318587433
139.0 0.7670474522771016
139.5 1.461443310988372
140.0 1.480074717642824
140.5 0.9683283954161528
141.0 0.46216224223894165
141.5 0.8863471647242976
142.0 0.9855859519864946
142.5 0.431642871554471
143.0 0.9494826870208417
143.5 0.9297925790674153
144.0 0.5172047587297837
144.5 0.8356227488879686
145.0 0.7833138121069493
145.5 1.3629777516549506
146.0 2.2327697644205773
146.5 1.2405861970470542
147.0 0.9285805956432994
147.5 1.0309828413000335
148.0 0.8435984065135521
148.5 0.928814533537538
149.0 1.4881909280733177
149.5 0.7824921833632137
150.0 1.0787422761547834
150.5 1.513410933266628
151.0 1.1366169691900199
151.5 0.9562914637253906
152.0 0.4963706177052253
152.5 0.25641867457558754
153.0 0.5402442199107516
153.5 0.7856450363847067
154.0 1.0181086452095691
154.5 0.9485788776576318
155.0 1.3987508994429425
155.5 0.7751822852891193
156.0 0.5779138825181604
156.5 0.6046762193800927
157.0 0.6151336284365088
157.5 0.7906411315908086
158.0 1.5204762337177535
158.5 0.8491633992653803
159.0 0.7447546357742152
159.5 0.7765980856809818
160.0 0.9952403251304991
160.5 0.9573667824143935
161.0 0.822349646250788
161.5 0.6048459605564819
162.0 0.6071183367843536
162.5 1.6689920902486834
163.0 1.5387869735318125
163.5 0.7644203344879841
164.0 0.4686061058742541
164.5 0.7547959264273715
165.0 0.6740088672918476
165.5 1.1274675420334104
166.0 1.0876665287717227
166.5 0.8605105881257947
167.0 1.22795039954374
167.5 0.6681081731489349
168.0 0.49572561626508704
168.5 0.5180455128964984
169.0 0.45182829271422975
169.5 1.0057298666301033
170.0 1.1256948340479929
170.5 0.7131279342274202
171.0 0.6924987129366114
171.5 1.0745125918256961
172.0 1.7707137578775645
172.5 0.6796220980723505
173.0 0.9384844960163496
173.5 1.7335871538005017
174.0 0.2913902955858636
174.5 0.9520911885098292
175.0 0.8596553051979323
175.5 0.5717977527288017
176.0 0.5583766347558785
176.5 0.7473467299245826
177.0 1.0764872221320263
177.5 0.8916043138738494
178.0 1.416749250484858
178.5 1.0113797183120505
179.0 0.8841190370030064
179.5 1.5111366107118434
180.0 0.7369699952621347
180.5 0.7217616663512596
181.0 0.9105961278759739
181.5 1.412916613222552
182.0 0.7074996012197424
182.5 1.470996039058206
183.0 2.28114365953307
183.5 0.8027584098252132
184.0 0.9931096102455753
184.5 1.0136308798346558
185.0 0.679899538435595
185.5 0.7297563340896841
186.0 1.332633073893649
186.5 0.6067424712805036
187.0 1.118319646848778
187.5 1.5062612627449217
188.0 0.27234426855050853
188.5 1.2623325075631064
189.0 1.7154733664102326
189.5 1.1388914383958713
190.0 1.2890838053207856
190.5 0.9130924449586857
191.0 0.8569045336000763
191.5 0.2
192.0 1.1728951175448339
192.5 1.1986289692039804
193.0 0.22821192703910786
193.5 1.0010273152503328
194.0 0.9494324905572824
194.5 1.5814439333859687
195.0 0.5872694642164715
195.5 1.4731959901822842
196.0 0.35432577502442275
196.5 1.1049638265625759
197.0 1.0497152828551917
197.5 0.9404093326317007
198.0 1.1604562747378622
198.5 1.5298589401142313
199.0 0.86980498633601
199.5 0.8696464451946702
200.0 0.7457005332012611
200.5 1.0236772378373507
201.0 1.7248653398509175
201.5 0.9010440024543263
202.0 1.0224720310255604
202.5 1.8920054560068635
203.0 0.9120726947689873
203.5 1.4649339437479685
204.0 0.847089039232632
204.5 0.621531095611459
205.0 0.9647801676924502
205.5 0.964106427608618
206.0 1.5491745036505553
206.5 1.0958093623302603
207.0 1.6342698803806222
207.5 1.1461782343447302
208.0 0.7464523375202108
208.5 0.934430205099621
209.0 0.8298705009765031
209.5 0.9753221778695338
210.0 0.7127487424865148
210.5 1.5174601858528196
211.0 2.026750266113471
211.5 0.525407977862829
212.0 1.1086781656983193
212.5 0.543526218732875
213.0 1.93307814883419
213.5 0.6758470596224826
214.0 1.2555025617283824
214.5 0.6732987278616955
215.0 0.7788411466019436
215.5 0.9028382293277726
216.0 1.3188271534625704
216.5 0.7542702426091097
217.0 0.8670878022587851
217.5 1.26435433006874
218.0 0.8779481632570434
218.5 1.8472548317378403
219.0 1.8727443140635764
219.5 0.514008094819063
220.0 0.7516533859092784
220.5 1.0787390286635128
221.0 0.5392569619474223
221.5 0.668885268699582
222.0 0.9004985571211774
222.5 0.81308981692757
223.0 1.107952922748161
223.5 0.6875898426952538
224.0 1.101308079356792
224.5 1.099015543204457
225.0 1.12191666069191
225.5 0.747211057246405
226.0 0.8625659594381095
226.5 1.4039725905840181
227.0 1.0364769680779338
227.5 1.03730902981627
228.0 0.8832143544538655
228.5 1.1837084451220714
229.0 1.6275758604745105
229.5 0.9785363532785797
230.0 0.8239053892732229
230.5 0.9445335115545771
231.0 0.8481609822624216
231.5 1.3522622929958517
232.0 0.9777052130874138
232.5 0.731152602769581
233.0 1.4708186839193678
233.5 0.8448391563164277
234.0 1.9189422301970853
234.5 1.1167293285276032
235.0 0.7091069327863891
235.5 1.0240434589111311
236.0 1.181839324314681
236.5 1.319720497802507
237.0 0.6090591757023383
237.5 1.4247861653223155
238.0 1.0958165651346448
238.5 1.5321176947356925
239.0 0.6968553616897304
239.5 1.4423640734200318
240.0 0.8441453012447447
240.5 1.267962054104764
241.0 0.5815950935941853
241.5 0.44464154442435927
242.0 1.298300756004903
242.5 1.4650864259859087
243.0 1.008877069937506
243.5 1.2268518888345996
244.0 1.49438857455754
244.5 0.9880780367209788
245.0 0.8146744814246648
245.5 0.9385594192862463
246.0 0.2
246.5 1.0977192504506355
247.0 1.393420323907917
247.5 0.8595729199200914
248.0 1.4291077788969915
248.5 0.9386042441670766
249.0 1.1444067918723282
249.5 1.1550621656910773
250.0 0.6909254400201559
250.5 0.2
251.0 0.8007408516481791
251.5 1.2113648664128571
252.0 0.579482425658705
252.5 0.7858370538546163
253.0 1.1947704832933685
253.5 0.7639756478475326
254.0 0.898999285142161
254.5 0.941031400819494
255.0 1.3436646614356662
255.5 1.6357869073938027
256.0 0.6034335973330825
256.5 1.3896154677799237
257.0 1.510822224328317
257.5 0.8091152728878458
258.0 0.97797255428802
258.5 0.9680217219808542
259.0 0.753134983412475
259.5 0.7731799618686293
260.0 0.8529509920938232
260.5 1.1956524459400377
261.0 1.8315950593299708
261.5 1.209354412043337
262.0 1.5157562306174044
262.5 0.5776152454605727
263.0 1.8375409088590184
263.5 0.802112808635572
264.0 1.3563882997147547
264.5 0.5870178651927721
265.0 1.66531031578791
265.5 0.6873397988135929
266.0 1.4013756529224568
266.5 0.7629841030043697
267.0 0.9900575103264683
267.5 0.3079483030085439
268.0 0.2968988354820119
268.5 1.115326341460765
269.0 1.5501122099883222
269.5 0.9674345270720702
270.0 1.090784723674428
270.5 0.7057425319918478
271.0 0.6522658688206954
271.5 0.6563252476697494
272.0 1.0368931707677687
272.5 1.4817159537579023
273.0 1.3455160955744325
273.5 1.5236223706359282
274.0 1.0285549781091983
274.5 1.165099392863891
275.0 0.4861854956759951
275.5 0.7739930666037509
276.0 1.3350148844207814
276.5 1.5150202324490403
277.0 1.386959935989998
277.5 0.7765877025795564
278.0 0.6924703414777609
278.5 0.6921673005289424
279.0 1.3171077180393773
279.5 0.888229121069291
280.0 0.9609417596185402
280.5 0.7159729197819968
281.0 0.8744909079313108
281.5 1.5530457906564337
282.0 1.3776022733594657
282.5 1.2160454934955598
283.0 0.9303263081270629
283.5 0.9007903973847476
284.0 1.26820749423465
284.5 0.9853064357054003
285.0 0.7489450556754518
285.5 0.8077595945811206
286.0 1.2529106378607524
286.5 1.0360925717833551
287.0 0.678015860256503
287.5 0.9198422560206803
288.0 1.115568421218918
288.5 1.385493459579795
289.0 0.8275864262694057
289.5 1.5723501501177504
290.0 0.7167320081889135
290.5 1.0316690800446633
291.0 0.7515225177235214
291.5 1.2395897522714907
292.0 1.097142559756252
292.5 0.9302715013778537
293.0 1.0198303992940443
293.5 1.1865178830718364
294.0 0.8205222770022043
294.5 0.5334425434227394
295.0 0.6111855554879728
295.5 1.3233940337560657
296.0 0.9855833250597914
296.5 0.5119306268452035
297.0 1.0971370005875158
297.5 0.8424308607426757
298.0 0.673946062932123
298.5 1.2488703995936505
299.0 0.8326077496610331
299.5 0.8330483496650805
300.0 1.8967151608485753
300.5 0.7613684648947664
301.0 0.7229291955479844
301.5 1.2243495711088705
302.0 1.1307643440462436
302.5 1.3137338868695376
303.0 1.008420857068426
303.5 1.6670484183700767
304.0 1.5362792560872136
304.5 0.7884960968418127
305.0 1.206409368631982
305.5 0.6289930560563386
306.0 1.2549527392735649
306.5 1.2957636384513878
307.0 1.130427831573369
307.5 1.0527401215419037
308.0 1.516275953713931
308.5 0.9334454629398637
309.0 0.9125871695591212
309.5 0.9349305929682244
310.0 0.9658923036058755
310.5 0.8958748799324852
311.0 0.5092625540174665
311.5 1.4082347229443712
312.0 0.9163092613523975
312.5 0.7231277813996517
313.0 0.5430144970685675
313.5 1.0402387492437946
314.0 0.7172237519918678
314.5 0.651813337742777
315.0 0.8419238196172961
315.5 0.5353367976499819
316.0 0.8463093360462154
316.5 0.6676915828782727
317.0 1.0155563229998048
317.5 0.8550019544897439
318.0 0.8489359942036441
318.5 1.098188656900419
319.0 1.6577488343058966
319.5 0.6143320488695739
320.0 1.2287575562997106
320.5 1.1485487363108675
321.0 1.0927476683942299
321.5 1.130929457759886
322.0 0.8744826238415266
322.5 0.9964514920305441
323.0 0.9612227130800902
323.5 0.9184594755605017
324.0 1.1938268183045708
324.5 1.2902746529537072
325.0 0.9309483384246738
325.5 1.1062497961811681
326.0 1.0554924269457056
326.5 1.0391504359316128
327.0 0.8346280518177392
327.5 1.2963201122182988
328.0 1.116893039731456
328.5 0.9971994858838086
329.0 1.171794886845523
329.5 1.1830200437101976
330.0 0.9456357903570681
330.5 0.8984886039656366
331.0 1.3065994160847678
331.5 0.6491633225004128
332.0 0.830014329546573
332.5 0.8732007886538885
333.0 1.1570059551803245
333.5 1.1154940693835835
334.0 0.8541901141467639
334.5 0.5332474741922363
335.0 1.4849761019652992
335.5 0.7616681728974148
336.0 0.7685799257070076
336.5 0.21352075071228993
337.0 0.8784124546482218
337.5 1.1844315639336642
338.0 0.7329174830874761
338.5 0.8543043249156448
339.0 1.157591319901056
339.5 1.324711592872073
340.0 0.45716378172015215
340.5 1.2902746176497288
341.0 0.5778911922824317
341.5 0.6278909506350892
342.0 1.1435733244278488
342.5 1.2934920514319712
343.0 0.9612340652232803
343.5 1.2583920934313682
344.0 0.660080667986805
344.5 0.7348099212335564
345.0 1.2278937092825606
345.5 0.8713568603440502
346.0 0.8122594176248332
346.5 1.2803062471072737
347.0 1.1550334800304243
347.5 0.9594164239963278
348.0 0.6044176326130667
348.5 1.5088301036756535
349.0 0.8518725721553674
349.5 1.2995283783892329
350.0 1.0307136352270514
350.5 1.1269484032046808
351.0 0.5726733928171747
351.5 1.2325148853789045
352.0 1.0870622304651378
352.5 1.1419737004236001
353.0 0.44120439811560397
353.5 1.474038167725821
354.0 0.6604762807760001
354.5 0.7352456153993893
355.0 1.0256162549533923
355.5 1.3610332325414385
356.0 0.9105592651586658
356.5 1.7002035392145318
357.0 0.7601092894393221
357.5 0.8310636063831016
358.0 1.0055515891002837
358.5 1.0331240690950168
359.0 0.7270854111252731
359.5 0.620630322197699
360.0 0.5907391922500107
360.5 1.0929102936920034
361.0 1.5320785353159199
361.5 0.9374584856041492
362.0 0.8032241759321559
362.5 1.9754443912643929
363.0 0.6041067587595553
363.5 0.7563856460370254
364.0 0.6846866343963376
364.5 1.1308320376540286
365.0 1.1888901786347386
365.5 1.1991468753757877
366.0 1.1741303824745968
366.5 0.26979356309636193
367.0 1.1997114031066731
367.5 0.8840821606476824
368.0 1.14198080440188
368.5 1.2545213084057318
369.0 1.3217283312267
369.5 0.969371293421919
370.0 0.8794805469880791
370.5 0.8616565204400882
371.0 1.0887891074864662
371.5 0.6792902340663013
372.0 0.6728033636823354
372.5 1.4662632955851749
373.0 0.9387323789636913
373.5 1.4370634668238296
374.0 0.7623450362228258
374.5 1.2275520906232151
375.0 1.8830996328656524
375.5 1.115128640791776
376.0 1.256694117799721
376.5 0.9467417009703334
377.0 1.2178458324855945
377.5 0.7230475030645496
378.0 0.8181535770794978
378.5 0.7310314008936993
379.0 0.5566744162447745
379.5 0.9726344214095488
380.0 1.0584406850040682
380.5 1.33174637348132
381.0 1.0967303688282848
381.5 0.925364515683783
382.0 0.9399174230976746
382.5 1.6979981465308271
383.0 0.7389499830092277
383.5 0.7684312644455898
384.0 0.4013163599449998
384.5 0.5462486137899818
385.0 0.9583514460626571
385.5 0.8128735573702945
386.0 1.9939683900774323
386.5 1.417236630059573
387.0 0.9997917368956974
387.5 0.4911628632426391
388.0 1.1191516483039015
388.5 0.6209308050957949
389.0 0.9082581262028152
389.5 0.5711225092994039
390.0 0.9068553585937155
390.5 0.9109591194594986
391.0 1.4240947353397888
391.5 0.7304756560030192
392.0 0.9007505987150829
392.5 1.165187248371089
393.0 1.0529984442781615
393.5 1.1926703738132938
394.0 0.7457914927472967
394.5 0.9350707964720295
395.0 0.7124722135965
395.5 0.8903061512891419
396.0 0.7296672208698693
396.5 0.8527419389302968
397.0 1.1177136153614624
397.5 0.41708172621990713
398.0 0.9084043745567474
398.5 0.5261355655143783
399.0 0.47710709941744905
399.5 1.5188477062576977
400.0 1.0045007750520019
400.5 1.1797685174650048
401.0 1.549569027410687
401.5 1.13029158326768
402.0 0.6260900326500984
402.5 1.2681786977101388
403.0 1.0493638700325096
403.5 1.5619882538740166
404.0 1.035689621777755
404.5 0.9002470120995438
405.0 1.0271485240945781
405.5 1.6813837269580105
406.0 0.6512287941528776
406.5 1.0752238359570645
407.0 0.37306796707438805
407.5 0.9036924654155227
408.0 0.7564151854265517
408.5 0.7883957570538462
409.0 1.7531268721094273
409.5 0.6246669429650413
410.0 0.9131484972423841
410.5 0.7892722394856522
411.0 0.924682982173387
411.5 0.8736979360099687
412.0 0.6112622621441185
412.5 0.8301745972206657
413.0 1.246415824356974
413.5 0.8994948278751835
414.0 0.5928181385794398
414.5 0.9189429106437619
415.0 0.8064864607587929
415.5 1.230269095222256
416.0 0.9737032182235292
416.5 0.962835720816566
417.0 0.37116687467320664
417.5 1.1611464012585087
418.0 0.5028920670971715
418.5 1.040863748781578
419.0 1.0371590727791984
419.5 0.7254332308071902
420.0 1.3637120811182517
420.5 0.8997325193284884
421.0 0.41908172999022064
421.5 1.2453688276661663
422.0 0.8171023788085492
422.5 0.569828375820613
423.0 0.9931529777233415
423.5 1.033566406611993
424.0 0.7385864416918682
424.5 0.7875039716124204
425.0 1.0564678848268976
425.5 1.5797698750920204
426.0 0.896429751815339
426.5 0.632525791918497
427.0 1.3069177995620134
427.5 1.6274484503262903
428.0 0.9546505855050239
428.5 0.6867382319565387
429.0 1.1921370022336655
429.5 1.3440644044633032
430.0 0.7946504476686486
430.5 1.1246912244979808
431.0 0.8347750764059366
431.5 1.602980007848665
432.0 0.8820624118166583
432.5 1.1277812467449855
433.0 1.1086747662677374
433.5 0.9927659974750671
434.0 1.1876147496472294
434.5 0.8713006226998458
435.0 1.111872005029543
435.5 0.9358369983507574
436.0 0.863460731862808
436.5 0.8357492929053909
437.0 0.717094339449897
437.5 0.8118082428012446
438.0 0.8464556816282471
438.5 0.8239107481983257
439.0 0.7730078884063658
439.5 0.5106174166988113
440.0 0.8052812127457893
440.5 0.6532155541336234
441.0 1.189673661519318
441.5 0.7312925289039365
442.0 1.53341363923911
442.5 0.8418217876063908
443.0 0.6144576228671487
443.5 1.2359166011639453
444.0 1.7743909879174118
444.5 0.4857627676087497
445.0 1.158833375106008
445.5 0.8564098314152546
446.0 1.1223004591324384
446.5 0.7279277545035994
447.0 1.3307247698490632
447.5 0.7908297161827507
448.0 1.3646659360642075
448.5 1.9871016372755954
449.0 0.7896171888775287
449.5 0.7271208767316899
450.0 1.0719488977199765
450.5 0.8536426542372051
451.0 1.3768420391757838
451.5 0.9512804513693781
452.0 1.1455431841224222
452.5 0.49649508269915865
453.0 2.2167633565550804
453.5 0.9940523251833812
454.0 0.8624762518167182
454.5 0.7788971038217403
455.0 0.4777316436538903
455.5 0.9395075400247312
456.0 1.7840754589139278
456.5 1.0907402713464731
457.0 0.38645325353558335
457.5 1.2838445411162591
458.0 0.8911397601368856
458.5 0.515394026497939
459.0 1.591143303568829
459.5 1.0703263150558369
460.0 1.0087364597549149
460.5 1.2911648725130767
461.0 0.4410397405777833
461.5 0.9479712098703666
462.0 0.8474898200008611
462.5 1.0460715022256326
463.0 1.226652337920076
463.5 0.9449977428842052
464.0 1.1012087054285067
464.5 1.952499339165465
465.0 0.8510279010923909
465.5 0.958518140688804
466.0 0.5527643090636616
466.5 1.1759070354809846
467.0 0.6848419224402271
467.5 0.8426698667128151
468.0 1.5254128992250626
468.5 1.009232183440683
469.0 0.9167728728338747
469.5 1.2289025255897699
470.0 0.8219235229548643
470.5 0.9650777337525391
471.0 0.7821864169497075
471.5 1.1469749019209758
472.0 1.8712799295217386
472.5 0.9526868134585424
473.0 0.6795899132995094
473.5 0.9352461829475174
474.0 0.9648813512361574
474.5 0.8289493956124292
475.0 1.19921422632193
475.5 0.8322730877656617
476.0 0.9498787455666172
476.5 0.7109745328576749
477.0 0.9515243992637725
477.5 0.3062883349801061
478.0 0.878616598234593
478.5 1.2346292939417571
479.0 1.1740491639981312
479.5 0.8225953567324527
480.0 0.9276909227720485
480.5 1.1634899846031677
481.0 1.0296786155305209
481.5 1.0997481149571042
482.0 1.3446067559259838
482.5 0.9087472217938584
483.0 0.7464954435939344
483.5 0.6789319824242419
484.0 0.7665074941778558
484.5 1.1461779756866193
485.0 1.088042390085908
485.5 0.4307069791336985
486.0 0.791281500453586
486.5 1.4118866314303427
487.0 0.9280904022674825
487.5 1.345377833258616
488.0 1.3653112678656325
488.5 1.512340953710377
489.0 0.6946236352095474
489.5 0.8264116017302392
490.0 0.639312189950137
490.5 2.058244009291756
491.0 0.841346795251985
491.5 1.1481588365639563
492.0 0.3934420700500694
492.5 0.9495731690492062
493.0 1.9395258984017967
493.5 0.6872477824770007
494.0 0.7419206601368564
494.5 1.3031619143452682
495.0 1.0565062380941554
495.5 1.1831678331857272
496.0 0.7566191777261977
496.5 0.7046091843686714
497.0 1.027487813630926
497.5 0.23565771327822138
498.0 1.1621431308036076
498.5 0.690697816642958
499.0 1.1386052238441393
499.5 1.0691843215685042
500.0 0.8221042231356364
500.5 1.5854762953641757
501.0 0.7942067696347421
501.5 0.623902951476788
502.0 0.7276898394279219
502.5 0.4913917278802927
503.0 1.9206454019701242
503.5 1.5149737683499318
504.0 1.780388624306931
504.5 1.0642801325095883
505.0 0.6138027130900654
505.5 1.4010508395869126
506.0 0.7266358168053231
506.5 1.0197770358985876
507.0 0.7133590706032755
507.5 0.7084773019220434
508.0 1.126799214505083
508.5 0.9261809310095217
509.0 0.7009650849381808
509.5 0.8724161177109038
510.0 0.9802017480050951
510.5 0.8122980554962143
511.0 1.2639104590577142
511.5 1.0946083020792976
512.0 0.7948615434235031
512.5 0.37518169245463173
513.0 1.1292134867015458
513.5 0.9596957783079088
514.0 0.6553328789456989
514.5 1.4560550301716768
515.0 1.5104707727020061
515.5 0.8551527455148712
516.0 0.9405337704897928
516.5 1.1808455400971636
517.0 0.9744366275531041
517.5 1.257643740811858
518.0 0.8433085404176113
518.5 0.8647999025615958
519.0 0.6921999821771702
519.5 1.2134769440081055
520.0 0.9007513094219134
520.5 0.9752363175024347
521.0 1.277057650666018
521.5 1.7601946373958786
522.0 1.488374778041353
522.5 0.8116447980303587
523.0 2.0553915340223448
523.5 1.1748108061051292
524.0 0.8975797010940954
524.5 1.797058723731153
525.0 0.6333415486971231
525.5 1.211132631346745
526.0 1.3698356936172535
526.5 0.30569435888583585
527.0 0.8289316544112261
527.5 1.2609126254353988
528.0 1.611085305344038
528.5 1.166918429497398
529.0 0.9734205569324054
529.5 1.064414976665308
530.0 0.7923427051525375
530.5 0.5402659676243858
531.0 1.313262816101283
531.5 1.3649554104072554
532.0 2.054812677658228
532.5 0.9300978492981596
533.0 1.5464134627855772
533.5 0.7630129365905098
534.0 0.8860686215608654
534.5 1.3066948019659113
535.0 0.8812536558012671
535.5 0.6714725434818696
536.0 0.7083216467982547
536.5 0.6618274306342107
537.0 1.6033276634044675
537.5 0.8255294825887118
538.0 0.9842453139965929
538.5 0.8226421630860339
539.0 0.7901334038829
539.5 0.7686050402325632
540.0 1.0468059809132586
540.5 1.1035689686667847
541.0 0.8048001619185281
541.5 0.7507888312273243
542.0 1.1842371363079005
542.5 1.4297418829239024
543.0 1.075813272540394
543.5 1.5483535072299834
544.0 0.9265391573817259
544.5 1.0023816258735152
545.0 1.207289065890241
545.5 1.1118728709691674
546.0 0.5370206477631027
546.5 2.0678784759225137
547.0 1.2132802946233738
547.5 0.8183630887742477
548.0 1.3055744751240799
548.5 1.727040760897491
549.0 0.6911327292219085
549.5 0.9331951180195245
550.0 0.7662032957736159
550.5 1.0474190313549592
551.0 0.8041331983236149
551.5 1.6716178673318263
552.0 1.6913897649169587
552.5 0.5088925654358931
553.0 0.8245960800012302
553.5 0.816273574360199
554.0 0.9105159297626658
554.5 0.6656673398636641
555.0 1.336952178781806
555.5 1.0044712118552834
556.0 0.9734128997501736
556.5 0.6349823591960628
557.0 0.7636085706585971
557.5 1.1333158006270159
558.0 0.9999798526931291
558.5 0.4915996336534041
559.0 0.8361513465407987
559.5 0.634778478250579
560.0 0.6435962899232357
560.5 1.0538049301264645
561.0 1.0591938082972074
561.5 0.487592492613058
562.0 0.6811491734962491
562.5 0.7990701452326336
563.0 1.2347834074148456
563.5 1.0951629052660348
564.0 1.202962106461603
564.5 1.2211809748479703
565.0 1.1371498812409155
565.5 1.3388307880622943
566.0 0.9306822437138151
566.5 1.1163159649341403
567.0 1.3157677070438112
567.5 1.4063189556849058
568.0 0.9658980079029992
568.5 1.0302566846930425
569.0 0.8870814807329013
569.5 1.4479224046011412
570.0 1.2783550278164273
570.5 1.3574210654905956
571.0 0.9806853639499958
571.5 0.7085725855635634
572.0 0.7903276153300676
572.5 1.1151136354159201
573.0 0.5859743142912673
573.5 1.5485996614262212
574.0 0.6516911828720737
574.5 1.1466404415893483
575.0 1.3962668492723294
575.5 0.934709754922596
576.0 0.5284333401177088
576.5 0.7788048309900908
577.0 1.396611204961376
577.5 1.4202901155570373
578.0 1.376514783386206
578.5 0.9217839694484653
579.0 1.424895073551752
579.5 0.8195804930355914
580.0 0.6862258563003747
580.5 0.9423924360746696
581.0 0.9933937627215251
581.5 0.6729033949880753
582.0 1.2248369371471641
582.5 0.6798916461120137
583.0 1.3283146502319152
583.5 1.171506183243214
584.0 1.8978356781174988
584.5 0.40210910687300333
585.0 1.1250102942570206
585.5 1.0244574065072365
586.0 0.8183388248897249
586.5 1.065217075321673
587.0 1.0280713286213676
587.5 1.215140608247335
588.0 1.0484415824497282
588.5 0.9052622973852217
589.0 0.4715918777826487
589.5 0.8903142533521924
590.0 1.4757719589782008
590.5 0.4833952961705627
591.0 2.054477465518109
591.5 1.7242422036758027
592.0 0.9553486486690285
592.5 1.1587415962632304
593.0 0.9997879354130699
593.5 0.7722302752667901
594.0 1.3956448462568645
594.5 0.7830481419037563
595.0 0.9881612101896078
595.5 1.2339277056074527
596.0 1.0058015110402012
596.5 0.25542300491197867
597.0 2.1328560193952097
597.5 1.0919597851262153
598.0 0.7699384560052742
598.5 1.4288994262865296
599.0 0.7235224960913593
599.5 0.5244834505094198
600.0 1.143402344244318
600.5 1.0411677233350929
601.0 0.9582001033938875
601.5 0.7831144148143283
602.0 1.1655159472014396
602.5 0.7725625849123672
603.0 1.5137813566749814
603.5 0.9280463568694026
604.0 1.6435166873061733
604.5 0.6934478883872716
605.0 0.9621737853255251
605.5 0.4829727775592154
606.0 0.6527152962879468
606.5 0.6225272672117559
607.0 0.2935171297837974
607.5 0.9468282809970745
608.0 0.5291101572680288
608.5 1.8793309977337018
609.0 1.041831236555515
609.5 1.1193178336150404
610.0 2.1548157541297215
610.5 1.1640069779364168
611.0 1.0592085966553553
611.5 0.4524905908285817
612.0 0.7062529338372877
612.5 0.7090676835192021
613.0 1.1726196116968066
613.5 1.3912782502458665
614.0 0.705729134473583
614.5 0.32320018361295133
615.0 0.7307226112749132
615.5 1.296514704316916
616.0 1.0538929404596087
616.5 0.5522905593903542
617.0 1.05140207306547
617.5 0.8688906388853569
618.0 1.1430178309764183
618.5 0.8922671336719279
619.0 0.983847091812382
619.5 1.448005100518884
620.0 1.0009370623700828
620.5 0.6254043156392759
621.0 1.1638152977545109
621.5 0.9675286736886717
622.0 1.1372511399850245
622.5 1.0075419080742507
623.0 0.9216490005798855
623.5 1.1223528679195058
624.0 0.6451621308672232
624.5 0.8194516114563196
625.0 1.160353013413113
625.5 0.7767618765842661
626.0 0.6421456904830587
626.5 1.2005437439543476
627.0 0.706610941351231
627.5 1.679860928734561
628.0 0.43254577006204137
628.5 1.1936168286357396
629.0 0.7719749180663216
629.5 0.7460952268840672
630.0 1.0812022237046044
630.5 0.9752515840234526
631.0 1.0641603234689403
631.5 0.5953701455634273
632.0 0.9585918912947585
632.5 0.9603805845645995
633.0 1.2892241478819282
633.5 1.688480665502611
634.0 1.7057197944292026
634.5 1.564285274890946
635.0 1.1374475569827456
635.5 0.7146300506658925
636.0 0.7704817381626319
636.5 0.7596448744639706
637.0 1.2212410020202504
637.5 0.6110241951810021
638.0 0.6537681053132542
638.5 0.5431204111411214
639.0 0.7838034890512464
639.5 1.2261733163054132
640.0 1.000347714378532
640.5 0.7248727474954728
641.0 0.7160065352941113
641.5 1.1120033308505186
642.0 0.8309294461727297
642.5 2.146338255681613
643.0 0.8749130948220181
643.5 0.5260210068459521
644.0 0.7863018953707337
644.5 1.7645020506009175
645.0 1.2183500064098767
645.5 0.561949826346633
646.0 0.7715800438025273
646.5 0.8597086446497002
647.0 0.8815322609367064
647.5 1.031152336092145
648.0 1.2493083388801596
648.5 0.7875767670559005
649.0 1.2326196244658707
649.5 1.1703606912920756
650.0 0.4536625144012011
650.5 1.1385886894107031
651.0 1.030979585547966
651.5 0.615940937897006
652.0 0.8275054845373804
652.5 1.2746832786377984
653.0 1.8557458460413385
653.5 1.2347710257720186
654.0 1.4139069081389484
654.5 0.8036446081368772
655.0 1.2224457775288604
655.5 0.7994976101277735
656.0 0.7084964371142352
656.5 0.9032109352147546
657.0 1.6680754194041412
657.5 0.47499150872712614
658.0 0.9067495301371357
658.5 0.6983898322488536
659.0 1.7235454187867334
659.5 0.8337799172738863
660.0 0.37679210962793963
660.5 1.0641524138051037
661.0 1.2325478118688968
661.5 0.8388462778427435
662.0 0.6300782967982477
662.5 1.8624922008109897
663.0 0.5650490709957264
663.5 0.8524274187731696
664.0 0.5709269881355696
664.5 0.7986837530223297
665.0 0.7832731560388808
665.5 1.5442315791891303
666.0 1.406304551264975
666.5 1.1893203297500277
667.0 1.1499515494712815
667.5 1.180560248614152
668.0 1.2622347458038146
668.5 0.7434580758495994
669.0 0.9666093824418234
669.5 0.735744527759136
670.0 0.7321384523487611
670.5 0.9381176370730403
671.0 0.7272150526872754
671.5 0.8036290636841507
672.0 0.7400917086483829
672.5 0.6647205618633834
673.0 0.9018607334329807
673.5 0.7582811849442956
674.0 0.6976961107611024
674.5 1.2891299356856194
675.0 1.4676894061940868
675.5 1.760405978031233
676.0 0.629775161648924
676.5 1.693053545899415
677.0 0.5849532999469836
677.5 0.5216010069514025
678.0 1.2221856080665114
678.5 1.9951414516764578
679.0 0.8337642649004995
679.5 0.7409510464793129
680.0 1.8867462121621785
680.5 0.9107363630072267
681.0 1.1694800665342684
681.5 0.8429469216397695
682.0 0.7580343638140866
682.5 0.3988098779473067
683.0 1.8424137874292361
683.5 1.2100207002793932
684.0 1.6771250666211621
684.5 1.07392817061631
685.0 0.701353565808979
685.5 1.7581789922902114
686.0 0.2
686.5 1.5831968413314725
687.0 0.830790572979961
687.5 1.0760964310156211
688.0 0.869809675386627
688.5 0.9604648231730981
689.0 0.8973334704325109
689.5 0.6729344538114866
690.0 1.4226700957819864
690.5 1.121459735278777
691.0 0.6707952998215669
691.5 1.258324576671939
692.0 1.0716756523196307
692.5 1.9120278617957673
693.0 1.3208498799270774
693.5 1.4241541898021497
694.0 0.9053326340950948
694.5 0.7979475537753107
695.0 0.9943569986787912
695.5 1.1733891548134858
696.0 1.0178023935257694
696.5 0.5743138767651162
697.0 0.6839861172102534
697.5 0.9895539408755842
698.0 1.2453922272277609
698.5 1.2165469775976856
699.0 1.3837529826253947
699.5 0.7209187317228538
700.0 0.9589370485988403
700.5 0.7246589254873597
701.0 1.2218502589065867
701.5 0.9478835503447532
702.0 0.8354452951710419
702.5 1.3718386694028162
703.0 0.8877572576762267
703.5 0.7014192879156351
704.0 0.9839974127832523
704.5 1.1312817195873404
705.0 1.448597576275934
705.5 1.303521288548236
706.0 1.4530627123091593
706.5 1.0587563104890494
707.0 1.4110650912274258
707.5 1.5681835989382162
708.0 1.1025386671989028
708.5 1.9544471655649867
709.0 1.651994626334325
709.5 0.7513951690545646
710.0 1.533037996396709
710.5 0.4470290858464111
711.0 1.6000889521395592
711.5 0.4106455522541505
712.0 1.316062356642385
712.5 0.8614349775173017
713.0 0.6676029417250126
713.5 0.9110939851289571
714.0 1.2665571054125966
714.5 0.9198296157213951
715.0 1.5651214497587937
715.5 1.0411742628664347
716.0 0.8554494357431801
716.5 0.5996770658008651
717.0 0.8076663183996606
717.5 0.7588163783726489
718.0 0.7886845855047917
718.5 1.1377009553652204
719.0 1.1326906529233238
719.5 1.5435844614103806
720.0 1.0302082657393803
720.5 1.0925973751402012
721.0 0.8859547229778311
721.5 0.9482078807122184
722.0 0.5310437899489355
722.5 1.33894030102133
723.0 1.0275315392604991
723.5 0.8877217665268403
724.0 1.6780621013475998
724.5 1.8411951337068784
725.0 1.33390889198767
725.5 1.161284527809698
726.0 0.3947174080207514
726.5 0.38139210116233757
727.0 1.4168990979010583
727.5 0.6493950269321271
728.0 0.7820715814079015
728.5 1.3282876631100304
729.0 0.9963241855871162
729.5 1.096072008776087
730.0 1.5765136712136214
730.5 1.1596338068293774
731.0 0.7194423357141344
731.5 0.5688960168540297
732.0 0.9310799184317311
732.5 0.7148491639179367
733.0 1.5105995682251674
733.5 0.7537269088196727
734.0 1.3243881519816
734.5 0.8691013288623075
735.0 1.2876987158296131
735.5 1.5014112983154466
736.0 0.9799413110714931
736.5 0.7957538257352512
737.0 1.1440914527737736
737.5 0.8207701336244106
738.0 1.0101965012305811
738.5 1.7955702497034562
739.0 0.8638156190503863
739.5 1.0794165212886973
740.0 1.4946182628508535
740.5 0.6321027931299961
741.0 0.8399089307132599
741.5 0.6867238538189802
742.0 0.6441698521174075
742.5 1.9445363050732203
743.0 0.8948153342539524
743.5 1.2249213964352583
744.0 1.1305276664170711
744.5 0.6101407151248159
745.0 1.3242941249542308
745.5 0.5607125862888804
746.0 1.1365794415853796
746.5 1.2266954732146038
747.0 1.160805896792593
747.5 0.7602083922393408
748.0 0.665649524283102
748.5 1.0362116815026927
749.0 1.4004709148322254
749.5 1.297728325087764
750.0 0.9963131012677489
750.5 0.9914954581068416
751.0 0.39816497840128884
751.5 0.9907072763768494
752.0 0.8749571708307514
752.5 1.1414385245456065
753.0 1.4283287648104617
753.5 0.9301589698039125
754.0 1.025826554593823
754.5 0.7418673161162521
755.0 0.5495786288572562
755.5 0.9399630149915483
756.0 1.6746820524532877
756.5 1.598613788753683
757.0 0.8338871902358619
757.5 0.746895611672032
758.0 1.2033767382924734
758.5 0.9695441908796631
759.0 0.8344160404151052
759.5 0.9923785424680335
760.0 1.6865373765575526
760.5 0.7667281385573799
761.0 1.5782520387557724
761.5 1.2172995529007764
762.0 1.3919690982338038
762.5 0.7151125480999664
763.0 1.0227480311053556
763.5 0.6965355884115313
764.0 1.2492927983781588
764.5 2.1777521508332907
765.0 0.8650747564434572
765.5 1.0269745050207546
766.0 0.8430787722705568
766.5 0.682104811624343
767.0 0.8329806470850194
767.5 0.7184208274643158
768.0 0.8544791310040986
768.5 0.77560037117036
769.0 0.6598824537017538
769.5 1.5704393135243926
770.0 0.5073167299407881
770.5 1.762345806595924
771.0 1.2235892218546203
771.5 0.9876222008470855
772.0 1.0861149391231055
772.5 0.8084521625953929
773.0 0.5196129191489868
773.5 0.7576297767453974
774.0 0.8121872450765033
774.5 0.676146288379514
775.0 1.1770894332108721
775.5 0.42477687291195454
776.0 1.0378986219535196
776.5 0.8868120978472914
777.0 1.5127560916772804
777.5 1.129861210430768
778.0 1.7166053395466752
778.5 0.20422811743617475
779.0 0.48535073535486695
779.5 0.5278478014359687
780.0 0.5803534428071009
780.5 1.086056649494792
781.0 0.7286428804386633
781.5 1.611944451882375
782.0 1.0118146180385788
782.5 1.0673015232638259
783.0 0.5773845096417869
783.5 0.6546320586043002
784.0 0.6333490535922588
784.5 0.8959264643786276
785.0 0.6267296204287811
785.5 1.1766581741291748
786.0 1.6417167240198673
786.5 0.7750813843778862
787.0 1.2191410211614788
787.5 0.9576889623399232
788.0 0.9259211697477432
788.5 0.8439566709231285
789.0 1.2999475579211555
789.5 1.2245996252172695
790.0 0.739854897944316
790.5 1.4370287901441772
791.0 0.8687741089550938
791.5 1.3618527435239103
792.0 0.9137726438576312
792.5 1.0850833613504687
793.0 0.8357106550360541
793.5 1.0692718853302794
794.0 0.8476568718535689
794.5 1.1868984179385407
795.0 1.4622879874050798
795.5 0.7260646515769982
796.0 1.0241533596862564
796.5 0.6038339229426791
797.0 1.8033030436810549
797.5 0.6524761088330041
798.0 1.0969755288261442
798.5 0.7576953938139175
799.0 0.8176885717796017
799.5 0.639333167882908
800.0 0.41244216850341686
800.5 0.6580411644209112
801.0 1.3045359022199547
801.5 1.429284381971645
802.0 1.4356749690868487
802.5 0.8710052497691476
803.0 0.6275549643318874
803.5 0.8376874591566517
804.0 1.321569637813234
804.5 2.3335992865904793
805.0 0.5585850633200367
805.5 1.0320147236275619
806.0 1.0546341982384702
806.5 1.0896199160578963
807.0 1.0162316678671293
807.5 0.7016343556291903
808.0 0.2
808.5 2.015274077073847
809.0 1.2314338594232646
809.5 0.5776543653622711
810.0 0.759490984384739
810.5 1.3338063215936313
811.0 1.0302675645285189
811.5 0.5723239132660141
812.0 1.0927204879517178
812.5 0.37018575077624916
813.0 1.0379554606820875
813.5 0.877296465322764
814.0 0.691109558054106
814.5 0.9425860204273091
815.0 1.0593902948527578
815.5 0.898139245774244
816.0 0.7990631401449868
816.5 0.7566856226710696
817.0 1.5558702473418284
817.5 0.4430639635186666
818.0 0.9070334890110493
818.5 1.691474692574654
819.0 0.5612038384111461
819.5 2.514845534140077
820.0 0.9537721083731117
820.5 0.603668820925825
821.0 0.5860086805987605
821.5 1.1882763579579563
822.0 0.7909418593901004
822.5 0.6775140133437978
823.0 1.2198088882092972
823.5 0.7226904592635439
824.0 1.2050186471733122
824.5 1.0125687345766932
825.0 0.2
825.5 1.2004904651508828
826.0 0.5684012598783523
826.5 0.5355299263581692
827.0 0.7684887035067423
827.5 0.7546283190488292
828.0 0.5315412372056109
828.5 0.8224209226324044
829.0 0.9270569468118628
829.5 0.8375990190466365
830.0 1.1141280591880602
830.5 1.0089676071647535
831.0 1.883803970185986
831.5 0.38588187269981944
832.0 1.0810621799756523
832.5 1.0207752578886213
833.0 0.4624327303339618
833.5 0.8484149606307881
834.0 1.0772014911571794
834.5 1.5193003862931778
835.0 1.3351557973590045
835.5 0.6733030871990661
836.0 0.6929030248784664
836.5 0.8793371903056755
837.0 0.5941224701943865
837.5 0.8847590935059202
838.0 1.6569434886142047
838.5 0.9722073609114463
839.0 0.8897813055702334
839.5 1.1147282052253846
840.0 0.7581182048840156
840.5 1.3493518773541564
841.0 0.5463762233865321
841.5 1.2863019175988712
842.0 1.7225934208822036
842.5 1.6327578520909132
843.0 0.9207595696167836
843.5 1.001885593103749
844.0 1.5982328181306316
844.5 1.08828196349265
845.0 1.0323402112163074
845.5 1.1267509470670245
846.0 0.6153749245424742
846.5 1.6451343389003483
847.0 0.985417249407176
847.5 2.041180541853678
848.0 1.4794628283816347
848.5 0.9215490033435432
849.0 0.9862671181619376
849.5 0.510443194948129
850.0 0.908695632827614
850.5 1.6358634266538963
851.0 1.061493001957218
851.5 1.0554988753918513
852.0 0.6587515470468359
852.5 0.5019619375359151
853.0 0.6324803758390203
853.5 0.8486184355217135
854.0 0.8569985328249635
854.5 0.6579314634749113
855.0 0.855341283596173
855.5 0.8460684517512769
856.0 0.7778739343348011
856.5 1.9206996535659173
857.0 1.5878462359916696
857.5 1.9049254851162245
858.0 1.1159218556120654
858.5 0.9734800040958567
859.0 0.6653105677777208
859.5 1.3667539105233018
860.0 2.2992902831449458
860.5 0.77430035962445
861.0 1.1053534932028728
861.5 0.9671571922189046
862.0 0.8978104656668505
862.5 1.5085825138559965
863.0 0.9639268055295396
863.5 1.165226809419845
864.0 1.2712017000102238
864.5 0.3694289132777526
865.0 0.69949629832966
865.5 0.8286322485690911
866.0 0.8692746942058935
866.5 1.3313489293608178
867.0 0.47325111418008853
867.5 1.536883341808617
868.0 1.0349260799193063
868.5 0.6207470470056453
869.0 1.0671086940150116
869.5 0.2
870.0 0.6949334509678589
870.5 1.8776690923963693
871.0 1.5397853043286194
871.5 0.9118430817249622
872.0 0.7742997473300037
872.5 0.8055515316785893
873.0 1.6496242003318504
873.5 0.8406601088908308
874.0 0.7015295522455391
874.5 1.7435126493829332
875.0 1.073561628509111
875.5 0.8787448463819278
876.0 0.8591342132689828
876.5 1.0330388600753633
877.0 0.4753514503250994
877.5 0.7647619033909697
878.0 0.537873277063888
878.5 1.2896501063917198
879.0 0.7077115641277761
879.5 1.0140090053189232
880.0 0.6203692945772067
880.5 0.7252929046746104
881.0 0.8397479254289374
881.5 1.8240731166753776
882.0 1.9186776258499836
882.5 0.5593029718640379
883.0 1.4042869057341039
883.5 1.1062163764637338
884.0 0.9129622040584104
884.5 1.4755241920315179
885.0 0.6541715801015119
885.5 0.8381318323826659
886.0 1.1878066280457336
886.5 1.26153847856725
887.0 0.9645875955649186
887.5 0.5861420638974373
888.0 0.6255282355483737
888.5 0.9805655254519412
889.0 0.6782129259251981
889.5 0.9584753083340642
890.0 1.2927453269495786
890.5 0.7553328564410517
891.0 0.6476150471206326
891.5 0.9328798192735832
892.0 1.0281327219242034
892.5 0.6459074328461947
893.0 1.305823161603255
893.5 1.0385391030227593
894.0 0.9517641327934818
894.5 0.6200909017454622
895.0 1.1153463967403359
895.5 1.7456118213414755
896.0 0.7445306842061874
896.5 0.5373620488993681
897.0 0.6116513167729528
897.5 1.196982046102967
898.0 0.7420729584882444
898.5 0.9133609828350807
899.0 1.6208997367735374
899.5 0.6297413624211798
900.0 0.47467088109766903
900.5 0.8560034285171858
901.0 0.8785552748730552
901.5 1.2688465122110948
902.0 0.9576768689294983
902.5 0.6306766979570703
903.0 0.5845313184287078
903.5 1.0227956060189012
904.0 1.5515422218936945
904.5 0.5367282330509582
905.0 0.9998068436679274
905.5 1.3429412160304457
906.0 0.8279878760616517
906.5 0.9719374361252655
907.0 0.8837950186912559
907.5 1.4537358390293504
908.0 1.1605702269269171
908.5 1.5307507504306888
909.0 0.7798435979026914
909.5 1.128754188952743
910.0 1.9297290586008962
910.5 0.8496861892659892
911.0 0.46652933701361166
911.5 0.7717480898685042
912.0 1.0210679385502357
912.5 1.4434262029751084
913.0 1.018464799466734
913.5 0.8391831079304999
914.0 0.9255885854937613
914.5 0.7833037754039199
915.0 0.7521710489049421
915.5 0.8819557238551171
916.0 0.31000265545115935
916.5 0.9875843138539608
917.0 0.2654741252821158
917.5 0.9518598799796139
918.0 0.8157053823534501
918.5 0.386286589797855
919.0 0.7027247809148232
919.5 1.0073686254265115
920.0 0.6949989631676423
920.5 1.331447166722184
921.0 0.7400726899226877
921.5 0.4226952511500917
922.0 0.6609948983000378
922.5 1.257860655672658
923.0 2.1106328476854763
923.5 1.6329489588246258
924.0 1.1002654519302926
924.5 1.5456043753346407
925.0 1.1285969062565382
925.5 1.3034777018971067
926.0 0.7446453827762599
926.5 0.8468374828683534
927.0 0.34294775397038013
927.5 1.008752455138842
928.0 1.093377283278562
928.5 1.1633226602710365
929.0 0.9607402784100368
929.5 0.8192557645281683
930.0 1.0811265823142013
930.5 1.9434741729638358
931.0 1.1701456602381333
931.5 0.7445050342750752
932.0 0.6597554746038482
932.5 0.9589814411105113
933.0 0.7840618427784869
933.5 1.636713155884709
934.0 0.9702567122046757
934.5 0.9351130474333412
935.0 0.7929689308839281
935.5 0.9371558749745348
936.0 1.0689075068227054
936.5 1.34870776366802
937.0 1.2138078605056184
937.5 0.884379989304544
938.0 0.9379566071331543
938.5 0.8865386520988525
939.0 1.142295302688169
939.5 0.8337857675710343
940.0 0.6010193749997762
940.5 1.136978475636037
941.0 0.8398035897129178
941.5 0.9472392532529751
942.0 1.1987629534391473
942.5 1.0357605339884888
943.0 1.1481274046961538
943.5 1.0052127580943824
944.0 1.2528835405650494
944.5 0.9027285456282818
945.0 0.8880436601358431
945.5 1.0721005227731741
946.0 0.9205230958314289
946.5 1.8900164554427952
947.0 1.2647098701676607
947.5 1.8304489519316078
948.0 1.9473478598137448
948.5 1.1861382082857257
949.0 0.4880731606529456
949.5 1.3809526067286497
950.0 0.8824857349888703
950.5 1.4598703516429516
951.0 1.3025365004995133
951.5 0.8962795881267716
952.0 1.1580287296614995
952.5 0.9747546706348004
953.0 1.339296317989406
953.5 0.8834565676891167
954.0 0.9847890764327785
954.5 1.7643798083996676
955.0 0.7758554927076299
955.5 1.5370166619362542
956.0 1.1856503732502186
956.5 0.734118663104113
957.0 0.8004130671145695
957.5 0.8620874135962697
958.0 1.1030070003141477
958.5 1.39101300934872
959.0 0.7291834566720689
959.5 0.8524919046590027
960.0 1.3010720012966153
960.5 0.6420540514074418
961.0 1.2690929447336567
961.5 0.7888280403601926
962.0 0.7800740697356976
962.5 1.202174819575219
963.0 0.8487207757134135
963.5 1.0561010085685707
964.0 0.7948756189143262
964.5 0.8655808196787963
965.0 0.8072898672655375
965.5 1.1301068982746973
966.0 0.6848920535130643
966.5 1.012311994537233
967.0 0.7509562213645654
967.5 0.5049408435188725
968.0 0.9791845676737719
968.5 0.8890876456539937
969.0 0.6230788003678305
969.5 0.5479686905723042
970.0 1.0469846058253978
970.5 0.7924878205743678
971.0 1.3626409077502981
971.5 1.193590400198739
972.0 0.8175535464099748
972.5 1.6084267811744697
973.0 1.5897508109420104
973.5 0.7349161066657446
974.0 1.03310403780124
974.5 0.926190568311133
975.0 0.7707620656114665
975.5 1.259678663824439
976.0 1.4844383824189276
976.5 1.1946575916241233
977.0 0.3970337211038184
977.5 0.5573059605818629
978.0 0.9062569919134462
978.5 0.5469270475591717
979.0 0.8816511193987708
979.5 1.0124689394949782
980.0 1.1774189823048986
980.5 1.4742978761211618
981.0 0.5546770009771977
981.5 0.6696149147270072
982.0 1.4612718253969148
982.5 0.9320216854367817
983.0 0.6826957416902296
983.5 1.022642304968501
984.0 0.9430226102915507
984.5 1.1170106956162227
985.0 0.8176869453522846
985.5 1.1491602035735538
986.0 0.5619606705639584
986.5 1.0640104229744045
987.0 1.1608819938088977
987.5 1.1460803439470777
988.0 1.0662343736327289
988.5 1.0568890414137477
989.0 1.4441680239255943
989.5 1.4233147144425953
990.0 1.2385243236574055
990.5 1.5409017311816444
991.0 0.8151477089255205
991.5 0.9804243152115613
992.0 0.6004886600842158
992.5 0.5992415860002942
993.0 0.5270706048612274
993.5 0.6241808760226264
994.0 1.0378036581127421
994.5 0.6159740990398009
995.0 0.6866351176339814
995.5 1.0160561306412967
996.0 1.0373394836905345
996.5 1.4468256197747387
997.0 0.5548197571076204
997.5 1.3728881251357847
998.0 0.883453882613511
998.5 2.289329059080905
999.0 1.8253095478976515
999.5 1.203319016533745
1000.0 1.9766172718957966
1000.5 1.3545722154536204
1001.0 1.435995075604724
1001.5 1.2619405053502204
1002.0 0.5682241782937785
1002.5 1.063962524320047
1003.0 0.8345855444421724
1003.5 0.7535052286784073
1004.0 0.9628628269572161
1004.5 0.866273082929084
1005.0 0.8678482471197055
1005.5 1.3854338285861512
1006.0 1.180668149803434
1006.5 1.7066117147045925
1007.0 0.5449266813051925
1007.5 1.386748290784559
1008.0 1.23876985364653
1008.5 1.0407755364654638
1009.0 1.1189871447008053
1009.5 0.7488653190619381
1010.0 0.5463836456833211
1010.5 0.7639589033305794
1011.0 0.4263658121767665
1011.5 0.8909226426580752
1012.0 1.0668293845422836
1012.5 1.107777937698897
1013.0 0.8695426901398245
1013.5 0.3616974282931409
1014.0 0.7106995598180013
1014.5 1.0348312443692271
1015.0 0.651033058274529
1015.5 0.7521696354102914
1016.0 0.7832704153651778
1016.5 1.0114411323328194
1017.0 0.9936801903603238
1017.5 1.40529801855438
1018.0 0.9081424044652876
1018.5 1.0513614548466674
1019.0 0.6460331517148924
1019.5 1.2653094502534574
1020.0 1.4763490626708027
1020.5 0.8459094760830238
1021.0 0.9696951490306648
1021.5 1.123036125410877
1022.0 1.1015086558399676
1022.5 0.7515671531207577
1023.0 1.3661187809215232
1023.5 0.7574091449852038
1024.0 0.4930108028059982
1024.5 1.4055852788868597
1025.0 0.468693956762618
1025.5 0.4666156052843967
1026.0 0.8411461712330954
1026.5 0.6717162666108984
1027.0 0.9207981286453456
1027.5 1.1711267101503748
1028.0 0.6413469224711009
1028.5 1.283890841687461
1029.0 0.5625262689934531
1029.5 1.2272055646615856
1030.0 0.8561221776614915
1030.5 0.6736942653718372
1031.0 0.8095784108913808
1031.5 0.8451012351731343
1032.0 0.7706103235671059
1032.5 0.7856416330698248
1033.0 1.0516960426981883
1033.5 1.1139063487933467
1034.0 1.2212075312759105
1034.5 0.8616033079771966
1035.0 1.293305203547214
1035.5 0.8307137050939302
1036.0 1.3782997560449755
1036.5 0.6057026837404864
1037.0 0.8933862468436258
1037.5 1.7022791016276333
1038.0 0.7130345615718581
1038.5 0.8743970995810568
1039.0 0.6579238796980815
1039.5 0.9351533612180156
1040.0 0.9987525234186868
1040.5 0.7849887657777275
1041.0 0.9041344890495031
1041.5 1.367818129035848
1042.0 1.0816480469271479
1042.5 0.6671006769643002
1043.0 1.3584360305241963
1043.5 0.8945077461104421
1044.0 0.7414120903535838
1044.5 0.56084234776513
1045.0 1.7982589757416831
1045.5 0.9096286340351006
1046.0 0.716507596680249
1046.5 1.0608458421854312
1047.0 1.0318474283330743
1047.5 0.7842889475977473
1048.0 0.6793037997070748
1048.5 0.8442103482777331
1049.0 0.8185089000021857
1049.5 0.8258765088484441
1050.0 0.9309426313882707
1050.5 0.7424387861039881
1051.0 1.257899199211773
1051.5 0.9404993928547266
1052.0 0.8985463461452795
1052.5 1.2082320594426394
1053.0 0.9685287862891419
1053.5 0.22431001386331473
1054.0 0.6532778732708833
1054.5 0.797356734927789
1055.0 1.531061938279834
1055.5 1.40957759862333
1056.0 0.7179296409193413
1056.5 0.8589527014786245
1057.0 1.1814983682910163
1057.5 1.4687565897098893
1058.0 1.436987815728666
1058.5 0.4344150130707205
1059.0 0.9086050866509447
1059.5 0.5387438646269177
1060.0 1.534615746305001
1060.5 0.5974049716088877
1061.0 1.2890644345255016
1061.5 0.526894590596649
1062.0 0.8663586370110031
1062.5 0.8384960551723604
1063.0 0.8276317906904664
1063.5 1.097453331161562
1064.0 1.3476793701332688
1064.5 0.6968137035433443
1065.0 1.4355617935641538
1065.5 0.9380010831702301
1066.0 0.8681171926415262
1066.5 0.49710807536654117
1067.0 0.9866284709340982
1067.5 0.8578217258424452
1068.0 0.8822528273426555
1068.5 1.2796346923920678
1069.0 0.9741127915889923
1069.5 0.391259764164647
1070.0 0.6460808475099663
1070.5 0.9890900068245029
1071.0 1.1489804028607973
1071.5 0.5344556231603886
1072.0 0.5308306791839102
1072.5 0.5445339371808752
1073.0 1.366088336055588
1073.5 0.9644837464806365
1074.0 1.6314512724001533
1074.5 0.9693797367882828
1075.0 1.4868581923022042
1075.5 0.7440032204845062
1076.0 0.9375779886834776
1076.5 1.3410481414967297
1077.0 0.7788839420776578
1077.5 0.8574442591686244
1078.0 0.57821448859506
1078.5 1.0584590721375102
1079.0 0.5475702428614438
1079.5 0.7005617256772255
1080.0 1.5264128334932003
1080.5 1.3749242341944448
1081.0 1.1043314349952773
1081.5 0.7393806112794825
1082.0 0.8188086330719073
1082.5 0.9873452317888015
1083.0 0.2
1083.5 0.8322646066315444
1084.0 0.3916968262332911
1084.5 0.8008051373427738
1085.0 0.7219780273517628
1085.5 1.2815535278119934
1086.0 1.2276829026123535
1086.5 1.0051162397449982
1087.0 1.2055208433829612
1087.5 1.2469356375427854
1088.0 0.9388212013461997
1088.5 0.7991005851822455
1089.0 1.151231216885648
1089.5 0.6922401894895057
1090.0 0.6799634337281977
1090.5 1.207481360484688
1091.0 1.5450760425508636
1091.5 0.42305365645875187
1092.0 0.985546041430791
1092.5 0.6280506443156962
1093.0 1.3626502266772937
1093.5 1.0288584072255542
1094.0 0.9560054979319949
1094.5 0.747181581725916
1095.0 0.6407605645220295
1095.5 1.6745273138833578
1096.0 1.2503930034842474
1096.5 1.6114887169125134
1097.0 1.041702898412725
1097.5 0.28555777090181145
1098.0 1.1026087206646076
1098.5 0.786633125581229
1099.0 1.6993113650309697
1099.5 0.7931387196731257
1100.0 1.255418312504355
1100.5 0.9218642913244717
1101.0 0.6986463689376508
1101.5 0.9221839068268513
1102.0 0.48760565794328303
1102.5 0.8134857088565373
1103.0 1.5046006655573536
1103.5 1.2590327905796734
1104.0 0.8096019872562518
1104.5 1.1330939910029318
1105.0 1.2827092729677203
1105.5 1.298107722251176
1106.0 0.872755521188736
1106.5 1.3872911486438468
1107.0 0.8180584847994954
1107.5 1.02160945542647
1108.0 0.577809899822274
1108.5 1.2371292569345202
1109.0 1.3610320856004976
1109.5 0.9511917373358787
1110.0 1.1976205118798435
1110.5 0.8988807965748208
1111.0 0.8800628673346984
1111.5 1.7249932188363033
1112.0 0.8750639072754279
1112.5 1.1791909125666957
1113.0 1.4407178484172152
1113.5 0.9015828664306244
1114.0 0.9764926978666936
1114.5 0.7608988136200977
1115.0 0.9172975407135687
1115.5 0.7194461830525526
1116.0 0.9426513268280077
1116.5 0.8599011178350509
1117.0 1.0161038919657162
1117.5 0.8142881382926885
1118.0 1.377269773003567
1118.5 1.3479680082517191
1119.0 1.183053892665963
1119.5 0.7000687554880158
1120.0 1.015143827982762
1120.5 0.6544017052495
1121.0 0.5242124300026861
1121.5 0.937720855523295
1122.0 1.2199562962066173
1122.5 0.6992148259255491
1123.0 1.2479581106768673
1123.5 0.34511370978055905
1124.0 1.120269920808574
1124.5 1.076894438305254
1125.0 0.8638808002741929
1125.5 0.8423529916504041
1126.0 0.652871815441574
1126.5 0.7983064027348207
1127.0 1.0332311806555539
1127.5 0.30021319494139387
1128.0 0.8551476819036931
1128.5 1.0360918465664348
1129.0 0.8672480479466567
1129.5 0.6322734655129343
1130.0 0.4526184952191487
1130.5 0.9525973711888065
1131.0 1.3691057461030534
1131.5 0.4541951340026643
1132.0 1.2968332139016032
1132.5 1.0897376628339872
1133.0 0.6452905797409807
1133.5 1.6155863379251323
1134.0 0.9114069842455573
1134.5 1.4864502073945802
1135.0 0.9186011659434532
1135.5 1.1033825660585057
1136.0 0.759104694292783
1136.5 0.23401275212038908
1137.0 1.1833967397114198
1137.5 1.5520219764027892
1138.0 0.975995781681149
1138.5 1.7928121582622754
1139.0 1.0766800206788094
1139.5 0.8383886363080401
1140.0 1.1028324977130537
1140.5 0.691488529014088
1141.0 1.482161556537629
1141.5 1.1167087094902692
1142.0 0.7856331729044226
1142.5 0.7276000856364471
1143.0 1.3708841332802746
1143.5 1.6758891816161068
1144.0 1.827119070139147
1144.5 1.1695098575721699
1145.0 0.37969601493817595
1145.5 0.6546770435937747
1146.0 1.0376904724867482
1146.5 1.275785790389305
1147.0 1.5468171896383747
1147.5 1.0002698678357662
1148.0 1.2270288984910485
1148.5 0.9473995167289218
1149.0 0.690280147852979
1149.5 0.6260737157057736
1150.0 0.5203560629810606
1150.5 1.142291005190054
1151.0 1.4350578422412936
1151.5 1.1895564377787857
1152.0 1.275764943762281
1152.5 0.5563460984163271
1153.0 1.8683992470387598
1153.5 1.3065564378670813
1154.0 0.8511621707635364
1154.5 1.2430585871634898
1155.0 0.8422797285575443
1155.5 0.7860849708634693
1156.0 1.1588708993715846
1156.5 0.8648565168978384
1157.0 0.9114324474553762
1157.5 0.8410986133606613
1158.0 0.842042987375454
1158.5 0.6122802314575334
1159.0 1.019458336169266
1159.5 0.7681183901139841
1160.0 0.5910914406467475
1160.5 0.48890583891556816
1161.0 1.3067853073167872
1161.5 0.7293384213765257
1162.0 0.8948319090020633
1162.5 1.933991678417537
1163.0 1.4456594497822213
1163.5 0.8313692596332855
1164.0 1.029264415039783
1164.5 1.2424639137319757
1165.0 0.6752132974456418
1165.5 0.5836621397247914
1166.0 0.7327531009676802
1166.5 1.2385909325516977
1167.0 1.499354791742129
1167.5 0.7338517030506608
1168.0 0.6936238975804376
1168.5 0.8692773709179771
1169.0 0.9537052647200268
1169.5 0.5891084759701437
1170.0 0.47653819972139955
1170.5 1.0366977125081118
1171.0 1.0439878272390892
1171.5 0.7584200906837211
1172.0 0.48100553058016876
1172.5 1.0587537620233338
1173.0 0.8043580233502603
1173.5 0.9503303935129421
1174.0 0.9669956658331821
1174.5 0.4262133312549833
1175.0 1.058138169004561
1175.5 0.8897024796761008
1176.0 0.46928252500708667
1176.5 0.5847710121630457
1177.0 1.2828912341342402
1177.5 1.5254942272442218
1178.0 0.7009562482197026
1178.5 1.548065105622539
1179.0 0.8630058692705069
1179.5 0.861587442768462
1180.0 0.9954380946431356
1180.5 0.6023269565275584
1181.0 1.2809119543825855
1181.5 0.7794123672413652
1182.0 0.2879377227020572
1182.5 1.5133412662825183
1183.0 0.5664729773634963
1183.5 1.3504572200613583
1184.0 0.5051109970733814
1184.5 0.35693896406408476
1185.0 0.42398183954049
1185.5 0.3097162483670497
1186.0 1.1587018389801007
1186.5 0.6589973611864617
1187.0 0.6833039087580155
1187.5 1.1646573640343343
1188.0 1.7170550552683208
1188.5 0.8924749542246202
1189.0 0.7182069775898849
1189.5 0.47936238697801303
1190.0 1.9278933186675378
1190.5 1.4826894800481059
1191.0 1.1007576983839658
1191.5 1.0445527840518356
1192.0 0.2
1192.5 1.0613850362874429
1193.0 1.1715450860026406
1193.5 0.9408741550089609
1194.0 0.5886687266924566
1194.5 0.8380962723784099
1195.0 0.958494279470709
1195.5 1.9737252052778977
1196.0 0.6965746480938957
1196.5 0.4563103453424138
1197.0 1.0143855124345562
1197.5 1.1295601274408456
1198.0 0.9879980527111322
1198.5 1.6129057005076683
1199.0 2.1758797632708418
1199.5 1.2994432572000543
1200.0 0.8103789286649937
1200.5 1.4167841712727147
1201.0 1.2694717950636338
1201.5 1.2255792086518358
1202.0 1.527976903446668
1202.5 0.8139507827233909
1203.0 0.6656192287686138
1203.5 0.7431218680063268
1204.0 0.8688000597640477
1204.5 1.7867950001431874
1205.0 2.0211379494578
1205.5 1.729375021576935
1206.0 1.0944615370906337
1206.5 0.557514511097211
1207.0 1.0592577882940755
1207.5 0.882978604263506
1208.0 0.8536660664696394
1208.5 0.7596511894344758
1209.0 0.8572234728858666
1209.5 0.60768719584093
1210.0 1.2006616989691783
1210.5 1.5638661411214894
1211.0 0.45696439564075675
1211.5 1.1082825642888898
1212.0 1.0856369241916757
1212.5 1.1890602751039787
1213.0 1.1107652166461706
1213.5 1.0923813265496514
1214.0 1.182949015222492
1214.5 0.7043017557342648
1215.0 0.7445248305692724
1215.5 0.8348025261609939
1216.0 1.8415551396988938
1216.5 1.0241985752984673
1217.0 0.9866295546567362
1217.5 1.0516924509942873
1218.0 0.8807377200027242
1218.5 0.889361647978563
1219.0 0.5921873145712003
1219.5 0.8552795726445342
1220.0 0.8407077562867008
1220.5 1.2650522239890765
1221.0 0.232900299866296
1221.5 1.4420619164408763
1222.0 1.5163212887132511
1222.5 0.7269243420772147
1223.0 0.978597588040077
1223.5 0.6565771056082826
1224.0 0.35073004217625303
1224.5 0.337854274686716
1225.0 2.0365920957315
1225.5 1.0583582175160213
1226.0 0.6765449956604208
1226.5 1.4912053849459244
1227.0 1.299311597459599
1227.5 0.9810760087983357
1228.0 0.8902757293710384
1228.5 1.3721967132835657
1229.0 1.403280852649035
1229.5 0.981884203576211
1230.0 1.0681090389544892
1230.5 1.1108850669262105
1231.0 0.309925788006312
1231.5 0.9930383781964793
1232.0 0.8002477723988444
1232.5 0.5947594863501454
1233.0 1.1907212706706238
1233.5 1.353323875867016
1234.0 1.0122144967572697
1234.5 0.7612127521727984
1235.0 1.1496886538065585
1235.5 1.3164075621599558
1236.0 1.0126234920854666
1236.5 1.9045109244851477
1237.0 1.0304545059079695
1237.5 0.7456269831791771
1238.0 0.6893029886595348
1238.5 1.005123390324767
1239.0 1.1243453875852292
1239.5 1.0538721757069351
1240.0 1.1760475391697025
1240.5 1.3237236717116523
1241.0 0.6827155630673026
1241.5 1.1913601280389827
1242.0 1.393493628782743
1242.5 0.7246888557457849
1243.0 0.9427560303999042
1243.5 0.6995803062367971
1244.0 1.187050946757161
1244.5 1.2380060144858378
1245.0 0.2
1245.5 0.5387643552491854
1246.0 0.7653811259644863
1246.5 0.9707283151316726
1247.0 0.7977056388396011
1247.5 0.6153463722254595
1248.0 0.8087016739430929
1248.5 1.1989605196821578
1249.0 1.1744382752308087
1249.5 1.3228648620665644
1250.0 0.9650315170930368
1250.5 0.6329011654743645
1251.0 0.8198445574990141
1251.5 1.4349594832561525
1252.0 0.645902816276501
1252.5 0.8925034907103154
1253.0 0.998419228024376
1253.5 1.1267264488590152
1254.0 0.902870855645533
1254.5 0.862328984286246
1255.0 1.56015367547242
1255.5 1.3801416914772773
1256.0 1.7059940182764834
1256.5 1.4654393627521278
1257.0 0.8654521997499708
1257.5 0.7116804652257656
1258.0 1.3742659038685563
1258.5 1.101777516231261
1259.0 1.3067891987792217
1259.5 1.2535288735377095
1260.0 1.275177166623898
1260.5 1.0486535244589552
1261.0 1.2461426649374485
1261.5 1.6771078018946537
1262.0 0.9809115732290176
1262.5 0.9506867255941371
1263.0 0.758424188091221
1263.5 1.0986531240555273
1264.0 1.3399262587468508
1264.5 0.8831535238003068
1265.0 0.9613712972545634
1265.5 1.098796334849804
1266.0 0.381536709776261
1266.5 0.8346264180053878
1267.0 1.325315347204864
1267.5 1.745735290731592
1268.0 0.810029215306995
1268.5 1.0849150577351585
1269.0 1.377187359558519
1269.5 0.9552780375765251
1270.0 0.9384911680744342
1270.5 0.5898802549555812
1271.0 1.5556231165053154
1271.5 0.9849478899447419
1272.0 0.8762034900575603
1272.5 1.9575637519890177
1273.0 1.0892547546433218
1273.5 0.3362551454795233
1274.0 0.6768809786999509
1274.5 1.171806643609726
1275.0 0.8816271077387964
1275.5 0.7365358413175391
1276.0 0.9551622995860365
1276.5 0.924273163245583
1277.0 0.7569571501149378
1277.5 0.4673341465262636
1278.0 0.5655532141591564
1278.5 1.1350965322035802
1279.0 0.7602896710844033
1279.5 0.9026625917924079
1280.0 1.8091862990734646
1280.5 0.3497448248324905
1281.0 0.3418378968389587
1281.5 2.484023921020151
1282.0 1.4900684654957563
1282.5 0.4629096991679942
1283.0 0.7591344626172754
1283.5 0.8454087344432479
1284.0 0.8391416300851842
1284.5 0.6514925609380342
1285.0 1.8087752714620882
1285.5 0.4718331580402553
1286.0 0.6263026675983159
1286.5 1.3639616987061607
1287.0 1.3171983510215879
1287.5 0.8771259208745786
1288.0 1.1271774630237157
1288.5 2.440874518898419
1289.0 1.3604965453557094
1289.5 1.0389325945891823
1290.0 1.369564228056022
1290.5 1.2407734783354254
1291.0 0.9597902637886949
1291.5 0.6032453691693385
1292.0 0.7706103938182953
1292.5 0.6525021071588882
1293.0 0.8580050328907717
1293.5 0.8750874196903832
1294.0 0.9202344018335802
1294.5 0.9483582183637325
1295.0 0.6213529443576999
1295.5 1.649037184953099
1296.0 0.8371273514877876
1296.5 0.48031811752777875
1297.0 0.5867954962152664
1297.5 0.5263190791390997
1298.0 1.3170474196934778
1298.5 1.0350593350215513
1299.0 0.814215618129968
1299.5 1.1394282962280053
1300.0 1.0791418613776174
1300.5 1.314932979413697
1301.0 0.9718898920689709
1301.5 1.3483687317786952
1302.0 1.001541624706209
1302.5 0.7050899603216576
1303.0 0.6229410633177723
1303.5 0.7078110701684456
1304.0 0.650606282229787
1304.5 1.5506787787579337
1305.0 1.3708178221766878
1305.5 0.6330858800444484
1306.0 1.0043130279201937
1306.5 1.3552104403853975
1307.0 1.1868409113317402
1307.5 0.655302422143236
1308.0 1.501839379020398
1308.5 0.9694564490944825
1309.0 0.7994889430336868
1309.5 0.9162262547594067
1310.0 1.068216106917017
1310.5 1.5342295537022341
1311.0 0.6325389795846468
1311.5 1.1857339923284318
1312.0 1.8272622714489781
1312.5 1.2922019874589576
1313.0 1.3304612093493113
1313.5 1.158528229078573
1314.0 1.1835786458975472
1314.5 0.5866343801261278
1315.0 0.9039475041862199
1315.5 0.5848386191202753
1316.0 1.293606921776016
1316.5 1.8715872682590327
1317.0 1.5059514179354356
1317.5 1.0888246053800947
1318.0 1.2875481006836984
1318.5 1.4724718849316214
1319.0 0.8751090956047566
1319.5 1.5109099776660635
1320.0 0.8735083183539221
1320.5 0.5021246729597302
1321.0 1.0780551033247456
1321.5 1.3072865056858523
1322.0 1.097318579891164
1322.5 0.752843688953652
1323.0 0.656392023390488
1323.5 0.6827460560278712
1324.0 1.6759583290934366
1324.5 1.265247156999361
1325.0 1.546451093346385
1325.5 0.9614862112539504
1326.0 0.8899023529975688
1326.5 0.8101582948249971
1327.0 0.48257017514043976
1327.5 0.7798757794327374
1328.0 0.7373728982482485
1328.5 0.7749748514664158
1329.0 1.0345774309501587
1329.5 1.5540271395182932
1330.0 1.030525083247759
1330.5 0.6814361593368712
1331.0 1.202113685702884
1331.5 0.996508408688008
1332.0 0.8875474625749155
1332.5 1.2555743304547953
1333.0 0.9781517874790566
1333.5 1.4920411440899342
1334.0 1.6879301876994304
1334.5 0.7144511458859486
1335.0 1.3787823523637401
1335.5 0.9137974620082351
1336.0 0.5895911002667218
1336.5 0.6902150522382529
1337.0 0.4895565278513773
1337.5 1.2304143756134835
1338.0 1.1275574385852223
1338.5 1.3200393397934471
1339.0 1.0720244307124982
1339.5 0.7739923995781374
1340.0 0.7069301631626617
1340.5 0.5422660023521415
1341.0 1.62800870147298
1341.5 0.7024992371878893
1342.0 1.0580784368011207
1342.5 0.9991086549094228
1343.0 0.7951117317977556
1343.5 0.6673291978436315
1344.0 0.9186337920441049
1344.5 0.5938117427881092
1345.0 1.2414569845835925
1345.5 1.1839458111132966
1346.0 0.5398737059529246
1346.5 0.8197143532774982
1347.0 0.3929828987930194
1347.5 0.9840178890410021
1348.0 0.4554365933062352
1348.5 1.2320648831399668
1349.0 0.9630106179460021
1349.5 0.9308658017872413
1350.0 1.0075055355112927
1350.5 1.5476265327897258
1351.0 1.0040688885193938
1351.5 0.740841103274144
1352.0 0.9481102115529337
1352.5 1.0330685459449789
1353.0 0.9573646676790467
1353.5 1.0251359214383495
1354.0 1.5168826465990417
1354.5 0.943321200395307
1355.0 0.8328115393530007
1355.5 0.7181658866338573
1356.0 0.9768398135838691
1356.5 0.9514974718973987
1357.0 1.0549504448493998
1357.5 0.9620364330033575
1358.0 1.5060846100816212
1358.5 0.7908365963860032
1359.0 0.6791874070663461
1359.5 1.785274991913775
1360.0 1.53148983241806
1360.5 0.9307138254506553
1361.0 0.6925443654563381
1361.5 0.5378322150780686
1362.0 1.850723517815894
1362.5 1.264468563847652
1363.0 1.474332822818885
1363.5 0.5728752620991665
1364.0 0.9369337721663711
1364.5 1.1790778376195394
1365.0 0.9743286408315784
1365.5 1.2227902856157549
1366.0 1.4670135763913725
1366.5 1.123312682965667
1367.0 1.079861232299656
1367.5 0.814470768956121
1368.0 0.7318313560942662
1368.5 1.0486188985837224
1369.0 1.201949182109344
1369.5 1.021200821417517
1370.0 1.411019406051322
1370.5 0.6701860921809917
1371.0 0.9890587590706236
1371.5 1.047942876667702
1372.0 0.6940939132580028
1372.5 1.1705311928049307
1373.0 1.3027531529126328
1373.5 0.9448975976944661
1374.0 0.9506157123476573
1374.5 0.9807259630938046
1375.0 0.7532278023618112
1375.5 1.3601837508782704
1376.0 0.3594999029959336
1376.5 0.6625220962357832
1377.0 1.3111521612292623
1377.5 0.8924310604884558
1378.0 0.8738362564914193
1378.5 1.1267595931244947
1379.0 1.2365197489152222
1379.5 1.122097365487972
1380.0 1.654358295225359
1380.5 0.8874828628119757
1381.0 1.4569248059855593
1381.5 0.46956236732951095
1382.0 1.3751164958122293
1382.5 0.5816750997385032
1383.0 1.1013033177612381
1383.5 0.822387633964203
1384.0 0.65741247159394
1384.5 1.7256456501375776
1385.0 0.8704010009355968
1385.5 0.8066936232956328
1386.0 1.2876103809147463
1386.5 1.092230103423867
1387.0 0.5787113021685572
1387.5 0.8642779551793908
1388.0 1.959413315308535
1388.5 1.2354402482318605
1389.0 1.326152954999214
1389.5 0.5190480182570891
1390.0 1.5481042305585677
1390.5 0.9632835591725408
1391.0 0.921110938833364
1391.5 1.183159398416712
1392.0 0.8514393572889511
1392.5 1.0631147863692343
1393.0 0.23857512675848203
1393.5 0.8266943915341485
1394.0 0.9390616944588142
1394.5 0.2
1395.0 0.7094552620907951
1395.5 0.2867403717712388
1396.0 1.1060625967401436
1396.5 1.234737056761158
1397.0 1.0308842496139787
1397.5 0.7078198128034197
1398.0 0.5562442725013212
1398.5 0.3701160282943621
1399.0 1.3160481170941947
1399.5 0.6126594963960881
1400.0 1.1521211918643666
1400.5 1.798341022253143
1401.0 0.5830369112087195
1401.5 1.4678738965526903
1402.0 1.2124203410366123
1402.5 0.7961318073385573
1403.0 0.7441328348026068
1403.5 0.6884281304647067
1404.0 0.4856406018779156
1404.5 0.6832121161033297
1405.0 0.9407635926240621
1405.5 0.996680085757663
1406.0 0.9203276625974522
1406.5 0.7861209563612163
1407.0 1.0921271375656092
1407.5 0.8841746102457633
1408.0 0.9012426016149903
1408.5 0.4619270738553669
1409.0 1.7654667937659534
1409.5 1.0029131074504747
1410.0 0.7197030407178162
1410.5 0.9480648565265695
1411.0 1.1081329825211594
1411.5 0.608662793161983
1412.0 1.1876406284734113
1412.5 0.5989421329921935
1413.0 0.7085007928926341
1413.5 0.2
1414.0 0.9719587555757764
1414.5 1.0039116813868945
1415.0 1.0777704819430913
1415.5 1.1135486306444613
1416.0 0.782624148261279
1416.5 1.4147240755373267
1417.0 0.9788174219070223
1417.5 0.9523794085596045
1418.0 1.190502824795535
1418.5 0.9272492703296139
1419.0 0.548317304115599
1419.5 0.8080520223432658
1420.0 0.7306790760449574
1420.5 1.816906075210043
1421.0 0.45022403472468076
1421.5 0.9685857760066922
1422.0 1.233798933301023
1422.5 0.9811578257219447
1423.0 0.8212954301068804
1423.5 1.3894647956679416
1424.0 1.5611486749844552
1424.5 1.8147609233764612
1425.0 0.5945627709964786
1425.5 0.23103980609397456
1426.0 0.9475788867742683
1426.5 1.096367968263594
1427.0 0.7069056201215675
1427.5 0.9852278726724252
1428.0 0.9156280126731831
1428.5 1.1537106637013177
1429.0 0.8191386565294849
1429.5 1.0134237816664173
1430.0 0.7829258301518558
1430.5 1.395106745488127
1431.0 0.9840331362258657
1431.5 0.8680205469965494
1432.0 0.890513351935252
1432.5 1.113388978978131
1433.0 0.9092038235567946
1433.5 1.4535620810721845
1434.0 1.092448698972193
1434.5 1.957960875457403
1435.0 0.6788180329701281
1435.5 0.8200869208502541
1436.0 1.2190519251475065
1436.5 1.631049102420043
1437.0 1.4027980693553306
1437.5 0.7015294685866982
1438.0 1.1844924903779501
1438.5 0.9549550801999327
1439.0 0.9296604689618754
1439.5 1.0569206606823158
