0 1.8140907068634
0.5 1.030540446343322
1.0 1.2813433318470793
1.5 1.5654742663483754
2.0 0.8953533317673982
2.5 1.1349328705640034
3.0 1.2127149586666213
3.5 1.0848468735879804
4.0 1.2004846850646784
4.5 0.7041921836142047
5.0 1.0939498341904728
5.5 1.2320407481408342
6.0 0.9151777006652932
6.5 1.4024550113878007
7.0 0.5701417458295239
7.5 1.1017415883409756
8.0 1.023124544831719
8.5 1.007402185371153
9.0 1.5996088561895054
9.5 1.2390121475826508
10.0 0.8795750398852638
10.5 1.0579355534887256
11.0 0.6902026040263411
11.5 0.8668680786059446
12.0 1.0698358895682878
12.5 0.623838387466894
13.0 0.9668349052271419
13.5 1.0657313926793384
14.0 0.7791844635017502
14.5 0.9323931367741479
15.0 0.6129062689089624
15.5 0.7545746258906005
16.0 1.2524888913980936
16.5 1.20397445253103
17.0 1.294999515926512
17.5 1.0504454486910628
18.0 1.0158747954841865
18.5 0.9260413037217416
19.0 0.8579023559712269
19.5 0.7408234367949205
20.0 1.0277820539193994
20.5 0.7652415870489654
21.0 0.7495774720821127
21.5 0.7298806687035292
22.0 0.7453832438200259
22.5 1.231218273402007
23.0 0.71159322149117
23.5 0.727976645639449
24.0 1.451356440483679
24.5 1.0415294664464283
25.0 0.5238295181687583
25.5 0.6985979781893352
26.0 1.2842516107267943
26.5 0.9391013646087313
27.0 1.1992073472872509
27.5 1.0088922102927254
28.0 1.1494416054486334
28.5 1.2115877582490415
29.0 0.7234457066291434
29.5 0.9105320607396015
30.0 1.5464938854591401
30.5 0.44710148133601596
31.0 1.0048072743059842
31.5 1.4155809114291242
32.0 1.0814586495833884
32.5 0.8587717286751059
33.0 1.2616435017461334
33.5 0.7949863914497011
34.0 0.9307856349085553
34.5 0.5707308494896033
35.0 0.6880933974690343
35.5 0.5870324734558615
36.0 0.9597614012751349
36.5 0.8829017301265432
37.0 0.2
37.5 0.49516150317038177
38.0 0.9322066139587442
38.5 0.7254290878961691
39.0 0.7319501340716166
39.5 1.0768160656723005
40.0 0.9721783560289287
40.5 0.8188717637247787
41.0 0.7202758636422961
41.5 0.6514304735805717
42.0 1.244979567847583
42.5 1.052064013627815
43.0 1.686735200246051
43.5 0.49506450369340116
44.0 1.128044142734851
44.5 0.9619912799330317
45.0 1.4614905764518578
45.5 0.9157992949202123
46.0 0.9435195901184199
46.5 1.4000862587703602
47.0 1.5222878074732829
47.5 0.8755599158889881
48.0 1.0696579090987308
48.5 1.5158353356848138
49.0 1.0924589911400113
49.5 0.9770506121452297
50.0 1.5863273853404025
50.5 1.1872987158404888
51.0 1.8523253862449103
51.5 0.44420168034551205
52.0 0.9444563604008047
52.5 0.7639622588568211
53.0 0.5781076621259023
53.5 1.361094668567305
54.0 0.9241656541393002
54.5 1.7181526092339068
55.0 0.5754028071052785
55.5 1.8877951128495662
56.0 0.8564906608599844
56.5 1.2890722450093228
57.0 0.6334781528883834
57.5 0.8441580343321811
58.0 0.6879923994379944
58.5 1.2904854784425122
59.0 0.7858904266618865
59.5 0.8250795586483015
60.0 0.45058713488588914
60.5 0.6358389379088893
61.0 1.4715829304188741
61.5 0.5593552939932931
62.0 0.6942444978010722
62.5 1.0065313833514131
63.0 1.3309817761111815
63.5 0.8911728066732703
64.0 0.6348528813929089
64.5 1.064560306570978
65.0 0.27328762653880456
65.5 1.1044342308080481
66.0 1.014439150115019
66.5 0.8981020799852195
67.0 1.2465892684257258
67.5 0.7556587411653227
68.0 0.885632374689515
68.5 0.8484188879930392
69.0 0.8187189052586084
69.5 1.4121611320149794
70.0 0.5220895909661075
70.5 1.030890994037439
71.0 0.567526295643212
71.5 0.485919305202736
72.0 1.1456890328422302
72.5 0.7736741035730722
73.0 0.8075288981300675
73.5 1.616936664308796
74.0 0.761907561215731
74.5 0.5782165007099623
75.0 1.3040506497051436
75.5 1.3292891753760032
76.0 0.839533247160303
76.5 1.1543719009684597
77.0 0.6365318885134222
77.5 1.2041243803791208
78.0 0.8459953459771608
78.5 1.1367273566426768
79.0 0.9595344881818888
79.5 0.9191021085474081
80.0 0.7721029692577666
80.5 1.0000005702426567
81.0 0.8560642058173336
81.5 1.2333322196629344
82.0 0.8169532719083333
82.5 0.7804506193772862
83.0 0.5676264527682422
83.5 1.0644238398925712
84.0 1.056655035424214
84.5 1.0512190282048097
85.0 1.2324683756448829
85.5 0.7296846882503287
86.0 1.1083678176879053
86.5 0.6366473721805619
87.0 0.6473176202546609
87.5 0.7720536105942593
88.0 1.582475929335763
88.5 1.272959473634919
89.0 1.3023054890529338
89.5 1.3389851372878556
90.0 1.090061758791859
90.5 0.9150824643999186
91.0 0.9051588563482831
91.5 0.2859500019996417
92.0 1.6048584965631836
92.5 1.8110417951846562
93.0 1.0858989221229258
93.5 0.5181343478310296
94.0 1.2739180399332866
94.5 1.13929781416374
95.0 0.8231618716889942
95.5 1.2955263088421383
96.0 1.1528859598677155
96.5 0.8201374411080549
97.0 1.3773564105710177
97.5 0.9776723773327025
98.0 0.7035937093021885
98.5 0.6958932308767285
99.0 0.8852534892485014
99.5 0.606284913132493
100.0 1.2996057420094402
100.5 0.6231670216403348
101.0 0.8669823750384967
101.5 0.7904293181688602
102.0 0.5823319283260757
102.5 1.0242833311874813
103.0 1.388483983409163
103.5 1.7599916170367518
104.0 0.8146847328311735
104.5 1.5342894527792186
105.0 1.0496961035041172
105.5 1.269895481060673
106.0 0.9369072173648958
106.5 1.0795559031560482
107.0 0.7534721670458435
107.5 1.2415447049579318
108.0 1.2045887231751136
108.5 1.0704537696068854
109.0 0.2837705539944344
109.5 0.5226702599966608
110.0 1.3508897057712208
110.5 0.7852459850965883
111.0 1.346535797451723
111.5 0.8526204267678008
112.0 1.1052568187087535
112.5 1.5468131743764868
113.0 1.5911236310248014
113.5 2.064847171478813
114.0 1.1150429159405584
114.5 2.198173598491061
115.0 1.3597363981781854
115.5 1.229611560944675
116.0 0.9883640259711105
116.5 1.3982316925876812
117.0 1.3420350263168022
117.5 1.1876719952474115
118.0 1.2103433905223662
118.5 0.6847020095154619
119.0 0.6483994235659992
119.5 0.8396417334506999
120.0 1.125799196136394
120.5 1.0921932988923229
121.0 0.8866621484355462
121.5 0.6817160241728848
122.0 0.8995448900001528
122.5 0.8491460208063044
123.0 0.9044045690835798
123.5 1.2017834793121307
124.0 0.3513522362188422
124.5 1.0268702403859402
125.0 1.1367379187042712
125.5 0.6587880966868015
126.0 0.7141563844134104
126.5 0.7613664502210092
127.0 0.8163401793637296
127.5 0.8146699277425908
128.0 0.8410083348380616
128.5 0.7635096926152569
129.0 1.052213278181537
129.5 0.8654939415593932
130.0 0.7472249190454516
130.5 1.0891154359148656
131.0 0.9419756396093775
131.5 1.2991595064113965
132.0 1.7832346409680573
132.5 1.0301440652571052
133.0 0.2
133.5 1.0498667482741597
134.0 0.7541436672694807
134.5 0.8277861036879214
135.0 0.8161576923879672
135.5 1.3329609253038055
136.0 1.6692569818137852
136.5 1.3922215913214577
137.0 1.164550739885911
137.5 0.79523936384494
138.0 0.9648914846024003
138.5 1.2498628160509502
139.0 0.48823155322581363
139.5 1.5034440889942928
140.0 0.5463161523262193
140.5 0.7041214936583358
141.0 1.11895837063338
141.5 1.0998414581028486
142.0 0.7292704484053684
142.5 0.8663526318939343
143.0 0.7893414128602529
143.5 0.9106875738496951
144.0 1.555441001777797
144.5 1.1445162572820529
145.0 0.6408557980168076
145.5 0.8669877269897525
146.0 1.5439544489574217
146.5 0.6605894366248672
147.0 0.7401377909717035
147.5 1.3233007970811648
148.0 1.873331037452282
148.5 0.7477111326824475
149.0 0.3778274966710074
149.5 0.7772994383395051
150.0 1.1961818302884453
150.5 1.0908889730850273
151.0 0.7610759156918849
151.5 0.4691421444854917
152.0 0.8255976579026489
152.5 0.7065535167656743
153.0 0.8960315204156573
153.5 1.1237419632787642
154.0 0.9916119686134386
154.5 1.626257892666799
155.0 1.197780705131318
155.5 0.504033646331995
156.0 0.9876528840760139
156.5 1.5260029017482633
157.0 0.8534046264486836
157.5 0.9101448115216099
158.0 0.4988625579054423
158.5 1.6553200252057114
159.0 1.211411397501394
159.5 0.620550513253937
160.0 0.7295839833779225
160.5 0.8034798544379173
161.0 2.418366334471101
161.5 1.1670103396142548
162.0 0.9927331251278607
162.5 0.8744891312911336
163.0 0.9186053230617504
163.5 0.4956267405336841
164.0 0.6152628584552724
164.5 0.884594810962701
165.0 1.7078488861035273
165.5 0.5593624867474154
166.0 0.5774941417296442
166.5 1.1067161103473038
167.0 1.134237368734929
167.5 0.6206665390763304
168.0 0.8928357756325837
168.5 1.1768052257018897
169.0 0.9194724351482801
169.5 1.0792724288379407
170.0 0.6325484701452301
170.5 1.7674279057043205
171.0 1.1068171808187444
171.5 1.1513374342101304
172.0 1.749321020378101
172.5 0.7721218454772738
173.0 0.2
173.5 1.5111687090798296
174.0 0.6526135555365966
174.5 0.9415478704314858
175.0 0.9558376505861763
175.5 1.2806025294011243
176.0 0.6670881772420626
176.5 0.6471927116641321
177.0 1.2980679069373218
177.5 1.2963613672447318
178.0 1.3522476251823323
178.5 1.4082569849435846
179.0 0.6967028496191493
179.5 0.41479210558149127
180.0 0.9206788741429204
180.5 1.3196484707565013
181.0 0.8145517717902877
181.5 1.057321994517907
182.0 0.7551887439927558
182.5 0.9981274626139056
183.0 1.4658776107007154
183.5 1.3662744559242235
184.0 1.0087715807308977
184.5 0.8803625783529146
185.0 1.3812734391589965
185.5 0.9572886451016611
186.0 1.6801651184886377
186.5 0.8722255868868698
187.0 1.097254110702648
187.5 1.1401533551544554
188.0 1.0321039372605014
188.5 0.8125753000616542
189.0 0.8400697445501124
189.5 0.674981542816105
190.0 1.4064852935544347
190.5 1.0904341196108318
191.0 0.49242005113675247
191.5 1.0341694460954924
192.0 0.8503355705201474
192.5 1.223443766236702
193.0 1.3946940461685402
193.5 1.4897341519235425
194.0 1.0823874910066085
194.5 0.9728173579154713
195.0 0.8148516505941108
195.5 0.8875499000164746
196.0 1.1300694512133358
196.5 0.6871627996946517
197.0 0.6419520438599386
197.5 1.1996100776085055
198.0 0.48962975955043964
198.5 1.158800178128827
199.0 0.6368902619624268
199.5 0.7361189897510787
200.0 0.7523298806403227
200.5 0.7394955691231315
201.0 1.128702453825741
201.5 0.8170131557877524
202.0 1.0457908451960023
202.5 0.5145383555733786
203.0 0.9886412304289698
203.5 0.856005614164519
204.0 1.4847270911569619
204.5 1.173683275487673
205.0 0.8799790190555471
205.5 1.0434446344681585
206.0 0.5151426124952414
206.5 1.5563625847436051
207.0 1.0660132681796997
207.5 0.7212519869240253
208.0 0.4573962327074008
208.5 1.121109160935641
209.0 0.5376552987220959
209.5 1.6975496650730166
210.0 0.897088951293769
210.5 0.7353235997191412
211.0 0.5971737446204903
211.5 1.7575464721971747
212.0 0.8888293302933056
212.5 1.0554636839322595
213.0 0.2803203051781491
213.5 0.7247279253943153
214.0 1.1587805091164713
214.5 1.219054591606581
215.0 0.7330396773872401
215.5 1.290173569309514
216.0 1.122715639014491
216.5 1.223504643276399
217.0 1.1644268335971861
217.5 0.5868998017563319
218.0 0.9363616550185208
218.5 1.0692877029857426
219.0 0.9347167376244266
219.5 1.133641159323334
220.0 0.4484045022809664
220.5 0.4893048810543162
221.0 0.6676649600864499
221.5 1.1262843989723743
222.0 1.0457020732097049
222.5 0.5000046183225589
223.0 0.6797004786540446
223.5 0.7924354035245594
224.0 0.7750522410297032
224.5 1.2995158757115428
225.0 0.7514816402717199
225.5 0.9967499016816088
226.0 0.752616686505955
226.5 0.6661641902477782
227.0 0.7565524824089898
227.5 1.3036829923879836
228.0 0.8235423606193568
228.5 0.8238413199136357
229.0 1.7222660981751852
229.5 0.9160875470242439
230.0 0.7192387310733812
230.5 1.4407777732295037
231.0 0.9315784782514678
231.5 0.5957297489972221
232.0 0.6520397959784965
232.5 0.7368075430178302
233.0 0.7270973004500152
233.5 0.6528730739167645
234.0 0.871820905533426
234.5 0.5564290118172075
235.0 1.4102545911558368
235.5 1.145157677788355
236.0 0.7571366516975517
236.5 1.0410959609917836
237.0 1.0725326035553941
237.5 1.384765982243254
238.0 0.8933224188706084
238.5 0.9210770478008057
239.0 0.9039729266625661
239.5 1.1157211196586947
240.0 0.6986385695818447
240.5 1.293519713790604
241.0 1.1428293874105044
241.5 1.4009394007679878
242.0 0.712119724234591
242.5 1.1097310365795976
243.0 0.9191428848809344
243.5 0.2
244.0 0.7642962768351929
244.5 1.5150712929365282
245.0 1.9869150157419888
245.5 0.94597954240797
246.0 0.7001955008689585
246.5 0.49167351974649776
247.0 1.0648827914573193
247.5 1.5885520715519421
248.0 1.4277324538656506
248.5 1.1207045472747337
249.0 0.9050227133472434
249.5 1.0242777725132322
250.0 1.0673738406401807
250.5 1.1989647054871995
251.0 0.45080629410735285
251.5 1.1227066172367088
252.0 0.651010586595236
252.5 1.0532839410093033
253.0 0.9402090185699735
253.5 0.8021046485824344
254.0 1.4308245502686503
254.5 1.214986035631277
255.0 1.4571492388648872
255.5 0.9792813592035587
256.0 1.0358697416082623
256.5 0.7691046286761448
257.0 0.8193327930117869
257.5 0.7928689610364018
258.0 0.7820847400719555
258.5 0.9369863558472362
259.0 1.5235079219255714
259.5 0.9353070180131574
260.0 0.8729553983783341
260.5 1.1178630357347858
261.0 0.9979603733464729
261.5 1.9372321942666537
262.0 0.5928216324968736
262.5 1.1449837751065717
263.0 0.2742752219906891
263.5 0.7767505551366263
264.0 0.8333691894119044
264.5 0.8144933705999062
265.0 0.5413820126169668
265.5 0.21380389392941135
266.0 0.9008745188800195
266.5 0.8529155645543267
267.0 0.829531045683927
267.5 0.871828321522641
268.0 0.8618238789079797
268.5 1.4903862739273328
269.0 0.536204043710742
269.5 0.8253160264311784
270.0 0.9396230645101185
270.5 0.9201182939921869
271.0 0.7251075579229149
271.5 0.8212696457870988
272.0 1.4256229563417997
272.5 1.0706291765339584
273.0 0.7810668530251239
273.5 0.8355580993953025
274.0 0.8464879080451431
274.5 1.1500428236964697
275.0 1.5886788603697362
275.5 0.9176959832866303
276.0 0.5543545766610981
276.5 0.9254360155811436
277.0 1.1241792007929385
277.5 0.8139590868930745
278.0 0.6429070738426486
278.5 1.039144338760639
279.0 1.0540720928339864
279.5 0.8161154393568661
280.0 1.6052938017304696
280.5 1.483738958467296
281.0 0.7116735739647657
281.5 0.7291731644715349
282.0 0.5588974890882392
282.5 0.42225788460418046
283.0 1.1448627546792722
283.5 0.9642765463938591
284.0 1.1808167753642282
284.5 0.6157571096765072
285.0 0.30250694434765735
285.5 0.8390250794380982
286.0 1.364835359919557
286.5 1.9394415240358733
287.0 1.4854604888844785
287.5 0.8242016819290168
288.0 0.9083132106936168
288.5 1.6306090502442263
289.0 0.8531477532811049
289.5 1.438476124457626
290.0 0.9084949025372279
290.5 1.5576307582557105
291.0 2.0022707999749194
291.5 0.9638563630549573
292.0 1.0565738678247312
292.5 0.620142284220139
293.0 0.8208532866868656
293.5 0.9853493568479794
294.0 0.9311849380845344
294.5 0.5362936346954387
295.0 0.8117511650448939
295.5 0.6458283225172681
296.0 1.12397148672587
296.5 1.256619152395717
297.0 0.9971915308417223
297.5 1.7219383248580926
298.0 1.0794625895898273
298.5 0.7481793302175599
299.0 0.9338129988197466
299.5 1.87063050058407
300.0 1.0097778272746503
300.5 0.6928657677047408
301.0 0.9351132653108113
301.5 0.5773881578835325
302.0 0.6155532107294373
302.5 1.0822545677879303
303.0 0.8220716709559672
303.5 1.0316656043292631
304.0 0.6641266322773114
304.5 0.7324572860859606
305.0 0.6543656121996475
305.5 1.0937884962139892
306.0 1.4302834234791046
306.5 0.509177254382507
307.0 1.0885174571689156
307.5 1.4185158078180717
308.0 0.9642027755966679
308.5 1.1999123827235172
309.0 0.750009314407235
309.5 0.7309227824362639
310.0 1.0066943314550696
310.5 0.6304337189411453
311.0 1.1800266909579111
311.5 1.7506786271846995
312.0 0.7299455461197328
312.5 0.777781198889774
313.0 0.7882498171782866
313.5 0.7062171325596824
314.0 0.9076150286994975
314.5 0.8711030748265193
315.0 1.6640785754182073
315.5 1.0878971935249828
316.0 1.0175974446437754
316.5 0.4877133689924905
317.0 0.832608978711033
317.5 1.9988284457031145
318.0 0.9611417739721682
318.5 0.8106169845302309
319.0 0.7654378282622749
319.5 1.1891464434183363
320.0 1.2017138220254568
320.5 1.0548935401621342
321.0 1.1167192453772943
321.5 1.094328768180584
322.0 0.6135401857659439
322.5 0.8709605842119732
323.0 1.4194861727966175
323.5 0.6892728255922287
324.0 0.859477176279285
324.5 0.8434514472850222
325.0 0.9662421517984634
325.5 0.717542060805652
326.0 0.706654925856212
326.5 1.8200006448424495
327.0 1.7459242602206628
327.5 1.2307931059417814
328.0 1.1729280483383269
328.5 0.6040746652694914
329.0 0.9679265510485267
329.5 0.40134231284700606
330.0 0.6568554715142929
330.5 0.6652724323421713
331.0 0.7510148543944837
331.5 1.0872127792455042
332.0 1.5095401710757232
332.5 0.8386067152597697
333.0 0.7244786325434873
333.5 0.6142778342207744
334.0 1.0215193430597638
334.5 0.5753698027387775
335.0 1.392635068201031
335.5 1.1530275433396853
336.0 1.1320274880638803
336.5 0.5371397207552012
337.0 0.7315173902874013
337.5 1.0707494132831004
338.0 1.211842317810098
338.5 1.776694233362325
339.0 1.3072824697249539
339.5 0.8398637485980677
340.0 1.4862715511703044
340.5 1.2478183588101348
341.0 1.0239107902355815
341.5 0.7162149343339601
342.0 1.5418027464632291
342.5 1.1984570954111524
343.0 1.1506975555447583
343.5 0.6976084957387623
344.0 1.3680785295807665
344.5 1.4914213530930924
345.0 1.4954346126435083
345.5 1.183937377163297
346.0 2.1477802178783185
346.5 0.9239816619774416
347.0 2.093181769182223
347.5 1.513872989111273
348.0 0.7584747799578127
348.5 0.8344620962942008
349.0 1.0383329184983532
349.5 0.6562452283156213
350.0 0.8424141695588163
350.5 1.074469528974093
351.0 0.737053653111797
351.5 0.7794203588968796
352.0 1.068456421949239
352.5 1.7857247861060532
353.0 1.6052883803841689
353.5 0.7697283018963536
354.0 0.7581717129891528
354.5 1.138348959827999
355.0 0.7724977334810901
355.5 0.5090609850256131
356.0 0.9433667859454999
356.5 0.8415847943393358
357.0 1.0329970085308169
357.5 0.9487966473456345
358.0 1.2342557621119754
358.5 0.5965432662492623
359.0 0.7902609215657495
359.5 0.7477055830380281
360.0 1.5952052763420341
360.5 0.7058198247925521
361.0 0.8812230132847712
361.5 1.0571815918068026
362.0 1.045442837261064
362.5 0.8176996857106541
363.0 0.7777051759716652
363.5 0.9987288726981328
364.0 1.4336505929657903
364.5 1.1355640240128022
365.0 1.1289851353474414
365.5 1.2214793015057834
366.0 0.5220032838305833
366.5 0.9809415495306937
367.0 0.41174285127382504
367.5 1.252313658808494
368.0 1.1198037229106905
368.5 0.7835023885844398
369.0 1.1984600109272838
369.5 1.1346744667203814
370.0 1.023742973605816
370.5 0.72171355244127
371.0 1.2270848585411556
371.5 0.9830041733712909
372.0 1.01167641314644
372.5 0.95966503080182
373.0 0.9600546083985845
373.5 0.8309524945453697
374.0 0.5498215244019753
374.5 0.9381245413240442
375.0 1.0349471631848945
375.5 1.33082515703844
376.0 1.1813676452091686
376.5 0.5470686298008685
377.0 0.861985575928811
377.5 1.0718409511472995
378.0 1.1417932355754257
378.5 0.6379579796962085
379.0 0.9202162718699246
379.5 0.4875380899291206
380.0 0.7516104235471823
380.5 1.1223692179316203
381.0 0.5844081065829038
381.5 1.0846173148741705
382.0 0.8737660210755185
382.5 0.4263918857792983
383.0 1.2802803094461075
383.5 0.3661307569310892
384.0 1.1763834360218683
384.5 1.0645077239686018
385.0 0.2
385.5 0.7044146461473504
386.0 0.4674898231630815
386.5 0.8676884574090736
387.0 0.4756933043156446
387.5 0.826508916575895
388.0 1.167136106293857
388.5 0.9104373351091475
389.0 2.4564813673906296
389.5 0.8543299955212923
390.0 1.324322440418808
390.5 1.7181338389237641
391.0 0.7346624000816543
391.5 0.784494217447067
392.0 1.2400240587552138
392.5 0.8876397913963777
393.0 1.080170441620158
393.5 1.4570712944401731
394.0 0.968051758765589
394.5 0.631745277228205
395.0 0.906707038135769
395.5 1.5098941854844115
396.0 1.0115830076515344
396.5 1.0312147915332535
397.0 0.9669645866740078
397.5 1.1610113621944829
398.0 0.9336327068597156
398.5 1.033648017979333
399.0 0.708348687889197
399.5 1.0954705504513245
400.0 1.645038488098168
400.5 2.030191214006931
401.0 1.3897168272146492
401.5 0.6219895574745311
402.0 0.6276659307283861
402.5 1.0441221629527164
403.0 1.1505205402942682
403.5 0.9603375917997089
404.0 1.6649398304948408
404.5 1.3997188988876603
405.0 0.9343329303572391
405.5 1.0291343923106968
406.0 0.46502922157483373
406.5 0.8165213568719032
407.0 0.7430008962205801
407.5 1.3490333679950637
408.0 0.9316751370988181
408.5 0.5751121117927711
409.0 1.1926149713570988
409.5 0.381893403172785
410.0 0.7016599919896886
410.5 0.7258143957933694
411.0 0.8589385278120113
411.5 0.922371304945893
412.0 1.5829298644495622
412.5 0.5834294310230862
413.0 1.1740689682243377
413.5 1.4460670779417675
414.0 1.5157258586425435
414.5 1.0362476620154972
415.0 1.4001864162019295
415.5 0.3913353294042946
416.0 0.914978173346486
416.5 0.6468917686576441
417.0 1.0509627515111637
417.5 0.8188875527466247
418.0 1.3649535470887564
418.5 1.586780792174327
419.0 0.9219590343187694
419.5 0.45208536970902846
420.0 0.9599908892934754
420.5 2.1044195358265254
421.0 1.3017510258980423
421.5 1.1311200682677667
422.0 1.4473597220394632
422.5 0.5509266357028828
423.0 2.0185744205566722
423.5 1.3138554635551407
424.0 1.0215785526042747
424.5 1.0912612315749242
425.0 1.1402623070841917
425.5 1.2921965021792603
426.0 2.4136708289885362
426.5 1.0013268742323054
427.0 0.8581218259009914
427.5 0.9411478364522797
428.0 0.8986755722858017
428.5 1.5809970175935895
429.0 0.43400181740701105
429.5 0.5739133476494608
430.0 1.0798700879277434
430.5 0.9906326175479387
431.0 0.9819537438917393
431.5 1.0695364735276334
432.0 1.0161371886575734
432.5 0.8354302469498962
433.0 1.1157680452126026
433.5 1.135387724406431
434.0 0.7225133096187084
434.5 1.3923600801636296
435.0 0.7900259089612878
435.5 1.4400053447672554
436.0 1.9760490118032248
436.5 0.754834444163716
437.0 1.2080058028705385
437.5 1.2226282865595048
438.0 0.7318772870563216
438.5 0.7922106409824005
439.0 0.89101031485273
439.5 0.8233404576210115
440.0 1.0913167244919433
440.5 1.581434736693999
441.0 0.9002433311901024
441.5 1.4223836253708404
442.0 0.9046775294995363
442.5 0.6843661429002066
443.0 0.9646127009736246
443.5 1.9316981088639942
444.0 0.9780476938012146
444.5 1.4399863517166813
445.0 0.7500393717918955
445.5 0.993866842515996
446.0 0.7691120825968265
446.5 0.9028627534835375
447.0 0.7515843984588902
447.5 1.333895413754337
448.0 0.9832332998161603
448.5 0.8144952208595795
449.0 2.52493065151914
449.5 0.6987356881351041
450.0 0.880456704298459
450.5 0.9121457631316725
451.0 1.0454139449842934
451.5 0.38976787376541794
452.0 1.4174610844539672
452.5 0.8415361313027709
453.0 0.5562203309137104
453.5 0.432985596323775
454.0 1.416606800097043
454.5 0.9869595529301429
455.0 0.6839593907007323
455.5 0.9947585494570746
456.0 0.5769370361703924
456.5 1.2624792574754822
457.0 0.5916944552183572
457.5 1.061166371328952
458.0 0.8809741481440008
458.5 0.979487464980311
459.0 1.2344483129814336
459.5 0.6466396713838973
460.0 0.6366464031036609
460.5 0.7648168063610674
461.0 0.985404531374226
461.5 0.7164719986921088
462.0 1.0260421324133098
462.5 1.298465708588931
463.0 0.5108540594718953
463.5 1.2529163127747727
464.0 0.7152377918735091
464.5 0.2
465.0 1.157835046060002
465.5 1.849128798934022
466.0 1.382791704673847
466.5 0.6401658461748567
467.0 0.9559677533475727
467.5 1.1312067205127905
468.0 0.3280682064977972
468.5 2.52304929893868
469.0 0.9646619590852654
469.5 1.7083621932120345
470.0 1.0716949046584654
470.5 0.5269658757772908
471.0 0.6591301768191424
471.5 1.1325747736568998
472.0 0.7382815279183874
472.5 0.5908949113860512
473.0 1.1830114113673778
473.5 1.2110847588112699
474.0 0.8285451071722771
474.5 0.6156272288778937
475.0 0.7863365613670414
475.5 0.5462274909309109
476.0 1.3790843432520772
476.5 0.26552813503533856
477.0 1.0276706195457321
477.5 0.3449221529547628
478.0 0.6773979257114515
478.5 0.754264992506106
479.0 1.1573935769473422
479.5 1.2532706761819863
480.0 1.2041099069530756
480.5 0.7221744727681341
481.0 1.535853313363114
481.5 1.9004577618845535
482.0 0.8894531875282652
482.5 0.7157628134284408
483.0 0.5988144838756086
483.5 0.7630303561398554
484.0 0.7309307620028247
484.5 0.8578103804271353
485.0 0.7219010000410013
485.5 0.6166773917812602
486.0 0.7842589232348057
486.5 0.4946862542108017
487.0 0.5984602296845118
487.5 1.3381767812142282
488.0 0.9567108133762159
488.5 0.6114920222734241
489.0 0.8199274267170465
489.5 0.5913798052684589
490.0 0.9316270665625784
490.5 1.0327714277207924
491.0 0.6694460519417331
491.5 0.7371352602796126
492.0 0.557633561109989
492.5 0.8960381290718272
493.0 0.5380827190530416
493.5 0.5509943641713174
494.0 1.5923839355533964
494.5 1.0746207585358163
495.0 0.4491774576715958
495.5 1.400467801763225
496.0 1.3552536791308265
496.5 0.9123123629932918
497.0 0.947639005224085
497.5 0.5960659899202013
498.0 1.0526349620168252
498.5 1.1193525454948414
499.0 0.6658051436450041
499.5 0.9175304049302734
500.0 1.2636863951364492
500.5 0.8904288833846538
501.0 1.4907293432407265
501.5 1.2236338327197784
502.0 1.5632093878275741
502.5 0.4949945100863835
503.0 0.8125708041059136
503.5 0.7152049819149054
504.0 2.0047796437807306
504.5 1.575162013957947
505.0 1.6135064910382413
505.5 1.1216826472189116
506.0 0.405208877091041
506.5 0.9594105149832594
507.0 0.41629120695284366
507.5 0.46439679773035447
508.0 1.5790111905563022
508.5 0.8997084154522764
509.0 0.8935210535859307
509.5 0.9471736742402898
510.0 1.1500002604284538
510.5 0.9139983114572661
511.0 1.349418568130353
511.5 1.347453853579692
512.0 1.1975953428063209
512.5 1.0554097093209434
513.0 1.0465955451611362
513.5 0.7937339326842061
514.0 0.7850736108552214
514.5 0.6335172675401367
515.0 0.9388228859115498
515.5 0.7676809220397227
516.0 1.1674514623447436
516.5 0.652848900683028
517.0 0.841108824016725
517.5 0.6406074134296947
518.0 1.4266543258812407
518.5 1.0225964113373625
519.0 0.9976849930968326
519.5 2.0178901635927042
520.0 0.5470293274592657
520.5 1.239522661447919
521.0 1.1801016943210834
521.5 1.1091698852460894
522.0 1.087522121387176
522.5 1.2663067628643607
523.0 0.5858096756697728
523.5 0.5978999097756382
524.0 1.0284200072023806
524.5 0.5422173301124229
525.0 0.6665518395902281
525.5 0.7527549287646376
526.0 1.3589654357650436
526.5 0.8152754200466121
527.0 0.7548041183412328
527.5 1.2811684802184455
528.0 0.651046817232574
528.5 1.293393960958137
529.0 0.538237836738579
529.5 1.0243552478246138
530.0 0.5870243213052533
530.5 1.085828170660682
531.0 0.7583699526426392
531.5 1.0930578701333338
532.0 1.015419066091281
532.5 1.2561988160327893
533.0 0.846624588959422
533.5 0.7376055738364036
534.0 1.4916107634026763
534.5 1.1494515834809838
535.0 1.0245697945860104
535.5 0.7149212315441134
536.0 0.9748554984619886
536.5 0.6984958260795188
537.0 1.1388622781506077
537.5 1.13343697385
538.0 0.7873553117932958
538.5 1.8564832773895525
539.0 0.803241794872725
539.5 0.7587986796377324
540.0 0.8308594684497792
540.5 0.5737257727542504
541.0 1.3953910340899731
541.5 1.1841625966590363
542.0 1.0474758433182219
542.5 0.7331665946199106
543.0 0.8028095807352625
543.5 1.0613267428989475
544.0 0.8681393214036657
544.5 0.7907246950124245
545.0 0.5696728783939855
545.5 0.7146243255291276
546.0 0.9483036671440672
546.5 1.1345833696302914
547.0 0.5248947438100723
547.5 0.7674484664292739
548.0 0.3725897781937568
548.5 0.7433162247168481
549.0 0.9548704115749167
549.5 1.1088727432545706
550.0 1.345059346041948
550.5 1.562206006298065
551.0 1.1725489792334596
551.5 0.44497214549432507
552.0 1.0692841845784413
552.5 0.839567098087852
553.0 0.7116468023721052
553.5 0.6383389717251404
554.0 1.2142170795717049
554.5 0.7945650780215254
555.0 1.1120045150286229
555.5 0.8644806219385464
556.0 1.4093513300391536
556.5 1.067869850278026
557.0 0.8009326528053216
557.5 0.9201806373374806
558.0 0.7305047448010121
558.5 0.6700093197432637
559.0 0.6210147238835426
559.5 0.6363303877732596
560.0 1.0931394608952794
560.5 0.593721050589564
561.0 0.9238595027864556
561.5 0.6221653217466464
562.0 0.4659564477833552
562.5 1.2015430919165717
563.0 1.1210483988118203
563.5 0.7290789600244727
564.0 1.3669714981176282
564.5 0.8511293535958994
565.0 0.9757537556079289
565.5 1.2976154535782252
566.0 0.44982643697507074
566.5 1.51525837767249
567.0 1.0036500723816006
567.5 0.738841931336203
568.0 0.7378433166305414
568.5 0.518313324823197
569.0 0.9356824733178928
569.5 1.5536390255621702
570.0 0.8158520124974973
570.5 0.7291128002065034
571.0 1.7739656309272065
571.5 1.0546402044169758
572.0 1.346031581331078
572.5 1.083243252448123
573.0 1.045153754461753
573.5 0.7473768079658725
574.0 0.5090445380037985
574.5 1.416958379754452
575.0 0.8060130171663646
575.5 1.094298752031751
576.0 1.005812656817981
576.5 0.8575779845558793
577.0 1.7360504351456605
577.5 0.9159008696972972
578.0 0.6581315717558744
578.5 1.0841854055504878
579.0 1.023998569320002
579.5 0.9042674151383625
580.0 1.82350000572642
580.5 1.0092316912889356
581.0 0.45076148601154364
581.5 0.7773995740201007
582.0 0.9123778872484392
582.5 0.6774083249844528
583.0 0.6087918312369075
583.5 1.5413518566102278
584.0 0.9526517244112999
584.5 1.1860497613780123
585.0 1.113307730190066
585.5 0.9565174520158989
586.0 0.630013746084698
586.5 0.7121786601258606
587.0 0.5019602287511477
587.5 0.8126110690688212
588.0 1.8429460082059332
588.5 0.7553937441886978
589.0 0.9512903102684762
589.5 1.0507786780459154
590.0 0.4947928013878303
590.5 1.1047323634227104
591.0 1.0581212777417224
591.5 0.7851652264835284
592.0 1.177687688117043
592.5 0.4138270019637299
593.0 1.7294578559703884
593.5 0.7059816947000381
594.0 1.0027030114453257
594.5 1.03379567839077
595.0 0.7023041338661444
595.5 0.7549396227338694
596.0 0.5406784965971521
596.5 1.0517051843284313
597.0 0.9081659470804185
597.5 0.7351903421580832
598.0 1.124457137657823
598.5 1.0936104101080881
599.0 1.3282250494925472
599.5 1.0467687210114227
600.0 0.8802062975766223
600.5 0.9195213160199188
601.0 1.2129098816545172
601.5 0.9736337167361944
602.0 1.097517018158967
602.5 1.2966778828253283
603.0 0.581937749191
603.5 0.839188563823642
604.0 0.7888257161406826
604.5 1.2745671610628455
605.0 1.4112194026457985
605.5 0.9725711605918784
606.0 1.2115112444841463
606.5 0.5159358546433361
607.0 1.8608937373295307
607.5 1.0048417079673198
608.0 0.684366103413545
608.5 1.4763454231482562
609.0 0.8184306259900882
609.5 1.400572745444976
610.0 0.9059942211630787
610.5 1.4439320087719913
611.0 0.8799960970783524
611.5 0.848115755285485
612.0 0.8057418942219717
612.5 1.0215823125301144
613.0 1.05463034548945
613.5 0.9760133221928026
614.0 0.7400757922060106
614.5 1.2469829145804283
615.0 0.8135970246881452
615.5 0.9073181652223247
616.0 0.6339644347699717
616.5 0.8928259491880501
617.0 2.367041590753952
617.5 1.2629355164144438
618.0 0.4882943864771774
618.5 0.6297501320252625
619.0 1.0387442675463554
619.5 1.5249816367397186
620.0 0.8455473929013069
620.5 2.097238118179101
621.0 0.43930488972491144
621.5 1.1164664597550762
622.0 0.7976195550855216
622.5 0.9711209078896735
623.0 0.7246137931256571
623.5 0.7982780491736299
624.0 0.8631719633342382
624.5 0.4663761487161956
625.0 0.6056315076823944
625.5 0.983757775452411
626.0 1.1410080848618667
626.5 1.190301582558421
627.0 0.6334754212655718
627.5 1.1641950719735799
628.0 1.3234707440128803
628.5 0.9243170732897769
629.0 1.1730204134039064
629.5 1.0901222826192505
630.0 0.5796658441064965
630.5 0.6965349493648223
631.0 1.1963456789681803
631.5 1.05229588279601
632.0 0.8531084224382579
632.5 1.1269267715662008
633.0 0.684394473517252
633.5 0.3854757450577224
634.0 0.8050860801979043
634.5 1.4671070295785413
635.0 0.5261687058613937
635.5 0.7898121543351656
636.0 0.6494237598375283
636.5 1.388987410061023
637.0 1.023792407251171
637.5 1.3561929497423424
638.0 0.94518172511849
638.5 1.182827922032264
639.0 0.2
639.5 1.072300656718471
640.0 0.9773750001716799
640.5 1.6794998804159231
641.0 0.875350499021621
641.5 0.9231086778884205
642.0 0.5987134024319151
642.5 1.087378169767309
643.0 0.5623952503847617
643.5 0.9036353547456478
644.0 0.9618702239402849
644.5 1.0014523322371973
645.0 0.8794933167887149
645.5 0.9423482888093867
646.0 0.8876045170404545
646.5 0.8978850857438015
647.0 1.5604962174745625
647.5 1.24259058633111
648.0 0.538079370479591
648.5 1.214512063465246
649.0 0.9425261493920811
649.5 0.691660019722675
650.0 0.8795300781672772
650.5 1.06015364886611
651.0 1.4088345527734547
651.5 0.2
652.0 0.929618980844619
652.5 0.7279390009546443
653.0 0.5076357248969259
653.5 1.8581374782213134
654.0 1.1974078629717906
654.5 1.0107281039283675
655.0 0.990539942759295
655.5 1.0175455595141787
656.0 1.161995891552556
656.5 0.8147578377080492
657.0 0.2619344192212727
657.5 0.5494648501981318
658.0 1.329861588698182
658.5 0.9264635875447081
659.0 0.9030141588366131
659.5 1.3032514327886062
660.0 0.7960341699713882
660.5 1.6911206220212849
661.0 1.4049778679468024
661.5 1.2458277999675769
662.0 1.0400748745143336
662.5 1.134613563184055
663.0 0.8327292316979911
663.5 0.712000881645334
664.0 1.8731564201901993
664.5 0.6712395508726907
665.0 1.0810174729279356
665.5 0.6294254852050265
666.0 0.9696454828878195
666.5 0.8922060901637285
667.0 0.5779183374662685
667.5 1.2354398449853856
668.0 0.7302113360559773
668.5 0.850566464976037
669.0 0.7877639567515671
669.5 1.0139890407621406
670.0 0.6046588379219486
670.5 0.7586075852540081
671.0 0.7178302355579852
671.5 0.7759722312700896
672.0 1.570515459683361
672.5 1.6012111196953502
673.0 1.4537898425418456
673.5 1.0781490853135725
674.0 0.9557904279481131
674.5 1.122282061956749
675.0 0.7900782179945927
675.5 0.6743530525732344
676.0 1.1058108830280453
676.5 0.529295772995423
677.0 1.6258619036256712
677.5 0.9323975133279605
678.0 1.4004661190624006
678.5 1.7665619545287794
679.0 1.1669901755419159
679.5 1.2457436737803855
680.0 1.5029476245622075
680.5 0.8142903381097704
681.0 1.009884226285707
681.5 0.8253840917840145
682.0 0.3207586643102831
682.5 0.6371874433554525
683.0 0.7541894334420958
683.5 0.857815899354448
684.0 0.7297475321625531
684.5 0.6192093784607127
685.0 0.9860423086170133
685.5 0.8830777509754952
686.0 2.150980336004913
686.5 0.7957299536385519
687.0 1.1052562446040506
687.5 0.7204256151052515
688.0 1.6899939462154996
688.5 1.3380097784965206
689.0 0.8324031513097441
689.5 1.1511905636302688
690.0 0.6555239728814803
690.5 1.0748942773074601
691.0 0.9719888753196706
691.5 1.6130320869774586
692.0 1.1330985371480042
692.5 0.74129614903864
693.0 1.4002909656007643
693.5 0.7380941512992054
694.0 0.954895203006715
694.5 1.1592954452236537
695.0 1.3188179284775852
695.5 1.5582485147038696
696.0 0.6061178226280798
696.5 0.8283175226587334
697.0 1.0118319012274388
697.5 1.1507109795274166
698.0 1.6482889761942847
698.5 0.8022114066138444
699.0 0.5384108383183448
699.5 0.8155005570665567
700.0 0.658890174662579
700.5 0.4610360152728429
701.0 0.9188050693911224
701.5 0.825503858084762
702.0 0.7359586392983246
702.5 0.903282939910236
703.0 1.1986973663505522
703.5 0.624383300662716
704.0 1.110005117466193
704.5 0.7781123657361168
705.0 0.8833530325114293
705.5 1.0149769916556188
706.0 1.1410386464263573
706.5 1.5471174693194887
707.0 0.9976664551630435
707.5 1.1978545122801405
708.0 0.811485270088633
708.5 0.6341235652058583
709.0 0.7416551769588722
709.5 0.489791043854911
710.0 0.6204853379697295
710.5 0.8068474975757817
711.0 0.8631854954014732
711.5 0.6476047342852937
712.0 0.7591374099334565
712.5 0.6687435998823412
713.0 0.7993716871424533
713.5 1.2586107959515593
714.0 1.531151580867506
714.5 1.145502506043397
715.0 0.5756801196868144
715.5 1.2478780259444266
716.0 1.2718153562849408
716.5 0.867165477301808
717.0 0.5535756074407661
717.5 0.5379413087365742
718.0 1.2377669246042633
718.5 0.9041313458689099
719.0 0.7994732907736
719.5 0.8651267148544154
720.0 1.057107294549032
720.5 0.939622089783442
721.0 0.8484247054111076
721.5 1.234707519486685
722.0 1.1291338269939168
722.5 1.095598425960262
723.0 0.882193077197344
723.5 0.3499425567553718
724.0 0.7939069573672473
724.5 0.9000382409731872
725.0 1.0317822135545076
725.5 0.8078095228660189
726.0 0.7029334353186193
726.5 1.2762323344045834
727.0 0.8333332305537207
727.5 0.2
728.0 0.8690572431368505
728.5 0.798123726379859
729.0 1.4081008923628962
729.5 0.7356196954928726
730.0 1.3959931765146267
730.5 0.6774031830569109
731.0 1.0719724013208614
731.5 1.2781286878376057
732.0 1.1693687729425548
732.5 1.4652484469941
733.0 0.8565636489146282
733.5 0.8602395011325102
734.0 0.9778563806895755
734.5 0.7815204314987549
735.0 0.7575287792426435
735.5 0.5165771972114772
736.0 0.6057928667007184
736.5 0.8365374335198499
737.0 1.453598509496096
737.5 0.7545393943999537
738.0 1.556583566225961
738.5 0.7129179384585405
739.0 0.9826718209508729
739.5 0.8041530126723453
740.0 1.128534377092924
740.5 1.0271347872260757
741.0 0.7524352395337561
741.5 0.44314175803985856
742.0 1.8043528869647165
742.5 0.9451342754275036
743.0 1.8779969323133963
743.5 0.8539041560545919
744.0 1.2158451447910934
744.5 1.033292369029589
745.0 1.3135355535802296
745.5 1.0933116722399543
746.0 0.8290203145847661
746.5 1.224606082844843
747.0 1.2761197103010522
747.5 0.9106940983935142
748.0 0.7329816491469119
748.5 1.5308565298396353
749.0 1.5544975355225268
749.5 1.0082053197105705
750.0 0.8082545356071512
750.5 0.6101245233473345
751.0 0.4658372545189161
751.5 1.366691325009249
752.0 1.2860347556604805
752.5 1.0778892733681984
753.0 1.1335330974205573
753.5 1.1470137313415818
754.0 1.1049893179475498
754.5 1.1940436161701695
755.0 0.8276073734154581
755.5 2.171808760291161
756.0 1.1682891043810968
756.5 0.7245291307881305
757.0 0.6402514735376974
757.5 1.0885959450104583
758.0 0.8866191140005001
758.5 1.887738988345462
759.0 0.9645623389017974
759.5 1.081493796177039
760.0 0.44721635324804043
760.5 2.076567137420921
761.0 0.8841229979029988
761.5 1.2029937864512563
762.0 0.8149384497586343
762.5 0.8373874046095767
763.0 1.2794515497164696
763.5 0.2
764.0 1.431021966897295
764.5 1.0439772547121864
765.0 0.48705799539809125
765.5 1.0035499978965103
766.0 0.6531956734177248
766.5 1.031840624519007
767.0 1.100166644526697
767.5 0.49140887049548077
768.0 0.4394553000411424
768.5 1.0092614438948044
769.0 1.6606919609245447
769.5 1.4642018488563284
770.0 1.367086984681461
770.5 1.5322155517557414
771.0 1.1323342771957465
771.5 1.2123158069892557
772.0 1.359775366988672
772.5 1.0359260820045166
773.0 0.6517709788837306
773.5 1.322726074819276
774.0 1.2315313672529808
774.5 1.4185726490322712
775.0 0.7253373087027177
775.5 0.7625772426221953
776.0 1.5052274777046208
776.5 0.9286006293347511
777.0 1.5653412024308095
777.5 0.8183803915528627
778.0 1.004735582154784
778.5 0.9059775456771185
779.0 0.677402852499935
779.5 0.8293368465171546
780.0 0.8541238154877724
780.5 0.8346486413851028
781.0 1.4661593310595293
781.5 0.6947166330394428
782.0 0.7229899310007987
782.5 0.679693410461478
783.0 0.8473719552281642
783.5 0.7197648342249551
784.0 2.4470884320811077
784.5 0.7946765336377106
785.0 0.8405034976511199
785.5 0.7981201237810128
786.0 0.7585676255323596
786.5 0.48469760813947343
787.0 1.1805701236505852
787.5 0.9497376759014167
788.0 1.1934816208208696
788.5 0.25554474468517974
789.0 0.6127763906659927
789.5 1.1601439032041165
790.0 0.9102330117016959
790.5 0.48856446307115853
791.0 1.3385135317082137
791.5 1.22809705260724
792.0 0.6180044181458068
792.5 1.3696771074249678
793.0 0.808696710105031
793.5 0.6278447242285892
794.0 0.5801234416264938
794.5 1.4080688183301429
795.0 0.7763485244612338
795.5 1.2263975181957547
796.0 0.5546841884298057
796.5 0.806285262238263
797.0 1.0264732977941726
797.5 0.7282473765658728
798.0 0.7700819308914915
798.5 0.8921775495500055
799.0 1.3020551818356383
799.5 1.025719875444115
800.0 1.5014459237876558
800.5 0.7063781594654988
801.0 1.480210831197811
801.5 1.0523072243877605
802.0 0.528085475760225
802.5 0.9809764165636841
803.0 1.03879505809197
803.5 0.7631784962510849
804.0 0.6967602865185606
804.5 0.9905201632344792
805.0 1.3753889987674546
805.5 0.4004103519944695
806.0 0.5381012055248173
806.5 1.3408318099975487
807.0 0.6418987671143822
807.5 0.4110390872043349
808.0 1.186980053838709
808.5 0.7583721950508716
809.0 0.6952598836617132
809.5 1.0712878852662777
810.0 0.8510999517962979
810.5 0.6520647827674513
811.0 1.3261628997011394
811.5 1.0139430459082805
812.0 0.7645282166437906
812.5 0.9600779359684348
813.0 0.7116720644451874
813.5 0.6600610292991229
814.0 1.400437934645777
814.5 1.5368157322412623
815.0 0.9171311226394686
815.5 0.7254400365488383
816.0 1.7939353025425673
816.5 0.41648598471668397
817.0 0.9556226627210215
817.5 2.154937534638139
818.0 0.5273921043924438
818.5 1.2536886505234128
819.0 1.8777938477013971
819.5 0.9863497499656863
820.0 0.8527135244505503
820.5 1.3819052649853414
821.0 1.333784607915828
821.5 0.6119696699357499
822.0 0.684851948641491
822.5 0.8835236524624414
823.0 0.536951487935937
823.5 0.7876757411980235
824.0 1.1947381780093989
824.5 0.6968471701302179
825.0 0.8194085707923627
825.5 0.9204917817165414
826.0 0.9073827118238623
826.5 0.7849781366796345
827.0 0.9314114216445413
827.5 0.8645827384731688
828.0 1.589580808924878
828.5 0.2
829.0 0.5338547751429489
829.5 1.1940796119398243
830.0 0.8720630568384145
830.5 1.066262880242955
831.0 0.7389367843218524
831.5 0.9229653230340068
832.0 0.6474687746995006
832.5 0.6112355422426818
833.0 0.6833566093498826
833.5 0.7893857640848474
834.0 1.2005304617080643
834.5 1.1830461454420464
835.0 1.3522052766652983
835.5 0.548945130235039
836.0 1.258883032269944
836.5 0.5914727334175705
837.0 1.0722543143982375
837.5 1.1195407058358084
838.0 0.7904995263073942
838.5 1.4012486842258336
839.0 0.7190793367377311
839.5 0.9530499330613083
840.0 1.3097103546502296
840.5 1.1105864409256974
841.0 1.2627880011291488
841.5 1.4478206485194134
842.0 0.7664433625633351
842.5 0.938771124130569
843.0 0.8547734744374476
843.5 1.160423316945637
844.0 0.7409606207736618
844.5 0.6107070617828658
845.0 0.40600372185938605
845.5 0.5811436383860138
846.0 0.8311957768840798
846.5 1.2255978701075385
847.0 0.7286671371246405
847.5 0.7235926254279555
848.0 1.3189326219192237
848.5 0.6828355971398719
849.0 0.8797000905612569
849.5 0.6918054855109992
850.0 1.5739290074547312
850.5 1.5480357309252173
851.0 1.1465264772850605
851.5 0.9036979238103378
852.0 0.7847097118765002
852.5 1.3893187539350536
853.0 0.5900925506703925
853.5 1.019911310898439
854.0 0.8745727791393442
854.5 0.885068372287957
855.0 0.862032499600165
855.5 1.2038695425160495
856.0 1.2812186168124784
856.5 0.8882573527431891
857.0 0.7791694696074608
857.5 1.038076397737054
858.0 0.8220457412045711
858.5 0.7428982909605301
859.0 0.9307778544652019
859.5 1.659278953079474
860.0 0.977218915107754
860.5 0.6584660656530665
861.0 0.8048265371315999
861.5 0.8915674624167647
862.0 0.8743670318325626
862.5 0.6746661501657681
863.0 0.8302303258331938
863.5 0.7346651111741276
864.0 0.8385282530011279
864.5 1.2269260563010336
865.0 0.7305114524071865
865.5 1.0000730199109074
866.0 0.6265034731382961
866.5 1.74737882465136
867.0 0.9528365235266956
867.5 1.52160785977654
868.0 1.392147919741755
868.5 0.7999822451608829
869.0 1.4093837402384612
869.5 1.3428252933927496
870.0 0.9565782278023915
870.5 0.3847936647337995
871.0 0.876829103303447
871.5 1.2789092210230768
872.0 1.0293027661433047
872.5 1.4350812043446228
873.0 1.0044259819026142
873.5 1.0222912822498094
874.0 1.1258556057758122
874.5 1.562236852931704
875.0 0.5698381944504423
875.5 0.9322727876064218
876.0 1.5191114607879377
876.5 0.8519872528168627
877.0 1.016905500140842
877.5 0.8794750672900241
878.0 1.1071529819174906
878.5 1.06083103279751
879.0 1.8668074422204346
879.5 0.6795031207438341
880.0 1.453462314321897
880.5 1.1513759571212066
881.0 0.8420310345408395
881.5 0.8334236474301222
882.0 1.353401893360262
882.5 1.0058186720106328
883.0 0.6481709147203394
883.5 1.101262127668087
884.0 0.7032730738621079
884.5 0.8765181899032027
885.0 1.4397200029329489
885.5 1.0686407890579315
886.0 0.7563536536119109
886.5 1.0795031913972926
887.0 1.215038075896341
887.5 0.7690434462948164
888.0 1.1443143714691777
888.5 1.1241528244423085
889.0 0.8615400308760505
889.5 1.1719145753662354
890.0 0.6165958074887701
890.5 1.4128313291791572
891.0 0.826300161955416
891.5 1.4684572603470842
892.0 1.1367729626308236
892.5 0.8170567790878419
893.0 0.49560729013916105
893.5 1.1502454158701898
894.0 0.8062900937317812
894.5 1.1509124004474551
895.0 0.919107288879706
895.5 0.7709448064315693
896.0 1.611808850859756
896.5 0.6419430398912662
897.0 0.5921632963942203
897.5 0.9619585498713669
898.0 1.5687192585678136
898.5 1.297493048243771
899.0 1.080162519246893
899.5 0.9500350609449766
900.0 0.47261330238039745
900.5 0.9378296307646208
901.0 1.353114693927393
901.5 0.8214882424717156
902.0 1.0464169632194942
902.5 1.4025182809307437
903.0 1.5769346567993894
903.5 0.7116576735654403
904.0 0.5914126876211313
904.5 1.7624359560085368
905.0 0.8075924432962915
905.5 1.3004105608714407
906.0 0.8197382653061209
906.5 0.6458339437168203
907.0 0.6099705098329846
907.5 0.9447315599190208
908.0 0.5438683107514912
908.5 0.6496882844778087
909.0 0.673383557678711
909.5 0.6323076976964643
910.0 0.9489895704126082
910.5 2.2759841447069933
911.0 1.6875947553239043
911.5 0.5361402922275167
912.0 0.6464335199795457
912.5 1.3972626808275752
913.0 1.1027542857000534
913.5 1.334495075980191
914.0 0.7768732428412777
914.5 0.8561034626930584
915.0 0.8662672617900987
915.5 0.4616561711045555
916.0 0.7730700946673845
916.5 0.8419081454351844
917.0 1.2183012968913496
917.5 1.472485087205107
918.0 1.2287646653095763
918.5 0.6815292715976975
919.0 1.102053144441189
919.5 0.9236860745832791
920.0 1.4473626975683076
920.5 1.8081143926162104
921.0 1.0216234620084865
921.5 1.1415229975624792
922.0 0.8016120366205324
922.5 1.6444296974769534
923.0 0.8500629831903398
923.5 0.9460307116235072
924.0 0.8520760202870001
924.5 1.46361132615553
925.0 0.291652364597513
925.5 1.327341923822612
926.0 1.0082648813536617
926.5 0.9421066780290566
927.0 1.2781738605706918
927.5 0.6205129522951687
928.0 0.9946984437673292
928.5 1.06986920766286
929.0 1.0092136565027539
929.5 1.2348862254375748
930.0 0.6429878889344949
930.5 2.458505229774959
931.0 1.0002740800325687
931.5 1.769411505266762
932.0 0.831661533576551
932.5 0.5817986352322424
933.0 0.9104035837243245
933.5 0.7896344948458691
934.0 0.5539648567085829
934.5 1.2833684052637127
935.0 1.2875245867787837
935.5 0.8418256054453624
936.0 0.9769212266545232
936.5 0.9855701689830839
937.0 1.2682750694835656
937.5 1.2874228114801651
938.0 0.571183275317017
938.5 0.8940463000960827
939.0 2.4550314331749714
939.5 1.8821147071120303
940.0 0.5932987387206006
940.5 1.2214438207379197
941.0 0.6414205601280042
941.5 0.6578123982608247
942.0 1.032912790425569
942.5 0.8089772756126145
943.0 1.1447723967915981
943.5 0.8400521787832659
944.0 1.2818918375080535
944.5 0.734946078396091
945.0 1.703735834599693
945.5 0.9872774413320463
946.0 0.9680188233064047
946.5 0.9838948185259481
947.0 0.6662774410757368
947.5 0.48724258994244213
948.0 1.327635250217508
948.5 0.6784624997421724
949.0 0.6234510478119233
949.5 1.0610848804046678
950.0 0.3374139324016664
950.5 0.8626832932742191
951.0 1.07545806504926
951.5 0.6853966676137987
952.0 0.880915753255706
952.5 1.4390520823454187
953.0 1.217000489207183
953.5 1.1197400272167437
954.0 1.5708218788604111
954.5 1.1052649490144022
955.0 0.7551042234309085
955.5 1.0776801447243256
956.0 0.7543942204209646
956.5 0.7454115327473527
957.0 1.6066863816560066
957.5 1.7308367189758433
958.0 1.083569454192213
958.5 0.8691360074053295
959.0 1.3929005782900323
959.5 1.6548183718169907
960.0 0.8398944342075442
960.5 0.9882130451014657
961.0 1.2977242608861461
961.5 0.6612923159339426
962.0 1.0133764746858502
962.5 1.1605764641130376
963.0 1.1931238804059356
963.5 1.8113172126160526
964.0 0.9382584741113084
964.5 0.47490088986800105
965.0 0.6960199217207113
965.5 0.8870597647156209
966.0 1.1757980716661085
966.5 0.8173569549140044
967.0 0.9232688527460919
967.5 1.03150453384549
968.0 0.9015470628733996
968.5 0.9321842297025149
969.0 1.0882916481606923
969.5 0.7871248335207391
970.0 1.3150271284569839
970.5 0.7249340126177886
971.0 1.4039926447518987
971.5 1.3130499483329463
972.0 0.6659820105894638
972.5 0.9795908591240443
973.0 0.9888855970219932
973.5 0.5854836144814533
974.0 0.8807817064347753
974.5 1.2218865420208576
975.0 2.389457617163005
975.5 0.6998725907757937
976.0 1.1986461063218692
976.5 0.732857086605243
977.0 1.0314001644873438
977.5 1.1222441736562283
978.0 2.214269533865799
978.5 0.7687900326016115
979.0 0.6086230376125072
979.5 1.7550933272106484
980.0 0.5622145722232337
980.5 1.2073941207063816
981.0 1.0020526310892022
981.5 0.46950753956869873
982.0 1.1212752341987344
982.5 0.860327041296748
983.0 0.5648633533646311
983.5 1.631682003833935
984.0 1.0875817184253815
984.5 0.6876149861092024
985.0 0.8032635546560992
985.5 0.856188310331527
986.0 0.7458418697924242
986.5 0.8185158873556504
987.0 1.232680581057486
987.5 0.8746819483771343
988.0 0.9499764089296874
988.5 0.7879599942727697
989.0 1.4109157749166124
989.5 0.7194427680621418
990.0 0.8017643021872164
990.5 0.8097767772728555
991.0 1.2833287803144764
991.5 1.1167531355491263
992.0 0.8201774469019928
992.5 1.3076612658745606
993.0 0.7334205277260337
993.5 0.7375837508481355
994.0 1.773918525125862
994.5 0.809629660603345
995.0 1.3221511874499088
995.5 0.5656693601309122
996.0 0.8434352182830891
996.5 1.5354946215612633
997.0 1.0629735162128306
997.5 0.574456681779326
998.0 1.2157069069475104
998.5 0.5206902657493897
999.0 0.2
999.5 1.1537801480505836
1000.0 0.974138329472428
1000.5 0.9531742679047205
1001.0 0.5033762175928774
1001.5 1.4141118649183002
1002.0 0.3525656306246986
1002.5 1.8687853064250972
1003.0 1.058979191516982
1003.5 0.7422055718659859
1004.0 1.3193433980263725
1004.5 0.6959575250256319
1005.0 0.9374238430449728
1005.5 0.7396977695283136
1006.0 0.8418628335110879
1006.5 0.9365294670373762
1007.0 1.147500199448373
1007.5 1.4237256109147338
1008.0 0.6914120291770994
1008.5 0.7559504016385183
1009.0 0.44509079745674685
1009.5 0.23888810463169752
1010.0 1.1206767306982774
1010.5 1.2358624008181718
1011.0 2.3566000583749696
1011.5 1.3300903422915766
1012.0 1.4962204297329715
1012.5 0.8276441891294202
1013.0 1.265538137529858
1013.5 0.7836731877133016
1014.0 0.8928673017132779
1014.5 1.1577291190330317
1015.0 1.1420773089794531
1015.5 1.329724183213152
1016.0 1.5339681566749368
1016.5 1.0816933251000294
1017.0 0.5958241929303585
1017.5 1.6758449861295355
1018.0 1.6481798777447705
1018.5 0.7881391716494147
1019.0 0.7370163702659731
1019.5 1.1637241025491125
1020.0 0.579536097645659
1020.5 1.3157777155677963
1021.0 0.741912932093117
1021.5 0.6904842758133983
1022.0 0.7845415563215405
1022.5 1.2783643491134749
1023.0 2.410483382589183
1023.5 0.931715382286034
1024.0 0.9932275493756089
1024.5 0.5715132633128206
1025.0 1.5658000716353726
1025.5 0.9102076484699855
1026.0 0.7146168423592028
1026.5 0.9546651527325181
1027.0 0.2
1027.5 0.9597800337553064
1028.0 1.5389460673221511
1028.5 0.8286730758840034
1029.0 0.8545075720688697
1029.5 0.5401174350185981
1030.0 1.0980270961471268
1030.5 0.2
1031.0 1.0759630789193055
1031.5 0.5279785402903758
1032.0 1.91602122144125
1032.5 1.2643854227731235
1033.0 1.0455231096858573
1033.5 1.2489262733196553
1034.0 0.35594742893044795
1034.5 0.7832907274996379
1035.0 0.9489507765337903
1035.5 1.354789506491901
1036.0 1.3882926514215086
1036.5 0.9363219343094551
1037.0 0.9733917539395981
1037.5 1.1973892809462319
1038.0 1.3601126475127276
1038.5 0.9167069552978062
1039.0 1.352956685566916
1039.5 1.214924397181817
1040.0 0.7303059389046296
1040.5 1.3843805236037934
1041.0 1.6142736269789544
1041.5 0.8955244318048702
1042.0 0.2
1042.5 1.9699692220256662
1043.0 0.9749627378531565
1043.5 0.8054865978963253
1044.0 0.8793911407224472
1044.5 1.0017043355216166
1045.0 1.6544581019804625
1045.5 0.9195426302615706
1046.0 0.9007110016439289
1046.5 1.3810968021267558
1047.0 0.7322377181163814
1047.5 0.4001825999698233
1048.0 1.079850224868181
1048.5 1.1076359463323757
1049.0 1.393823826293664
1049.5 1.2508247307396052
1050.0 0.9292448519348522
1050.5 1.1684902080710546
1051.0 1.2791225356457254
1051.5 0.6343069845808862
1052.0 1.5194004481759877
1052.5 0.8347646587117541
1053.0 1.267497314150191
1053.5 1.5595195799359098
1054.0 1.5557305953916907
1054.5 0.9717830551365219
1055.0 0.8469959689800701
1055.5 0.2
1056.0 1.9392072308594472
1056.5 0.6956949774224306
1057.0 0.9623766238564134
1057.5 1.2586172251271734
1058.0 1.0857605112782585
1058.5 0.747287035441401
1059.0 1.447034185290984
1059.5 1.4725654458570183
1060.0 0.9801774573233508
1060.5 1.1906568350608575
1061.0 0.8135873480695788
1061.5 0.3668801883755603
1062.0 0.7913501845276087
1062.5 1.1555308250509393
1063.0 0.8274984588697303
1063.5 1.5967545770895324
1064.0 0.5964821959976001
1064.5 1.6904642878688638
1065.0 0.7342212775047066
1065.5 0.8672622626579523
1066.0 1.1598489049160108
1066.5 1.1359218416541532
1067.0 0.7938331463035327
1067.5 0.4758865150995619
1068.0 0.9995046752716766
1068.5 1.146333300138315
1069.0 1.6558345870281044
1069.5 0.8126843949387378
1070.0 0.6580351129172761
1070.5 0.9766666261350785
1071.0 1.6673979336776616
1071.5 0.9492989989280292
1072.0 1.4949289387593496
1072.5 0.8677563736981843
1073.0 0.7656806580811059
1073.5 0.7170968953008992
1074.0 0.5786932587122285
1074.5 1.3617835903961981
1075.0 0.9148601435346434
1075.5 1.3654368848821261
1076.0 0.8937466837777426
1076.5 1.265431746589675
1077.0 0.9761749761507914
1077.5 0.8941907105736372
1078.0 0.5770590098773467
1078.5 0.8067050114086981
1079.0 0.7798406650523043
1079.5 0.6333170813942514
1080.0 0.9549191138399453
1080.5 0.8012452476743162
1081.0 1.0251791540106006
1081.5 1.3495759012237167
1082.0 1.0298421211508808
1082.5 0.4332204349380329
1083.0 0.7106410487003934
1083.5 0.9274097026265545
1084.0 0.9005445708087101
1084.5 1.3132287890893481
1085.0 1.3871716329179966
1085.5 0.846845441565298
1086.0 1.010143180584849
1086.5 1.4205446849667611
1087.0 1.0342427668490535
1087.5 0.7219041637226036
1088.0 0.9918113932312249
1088.5 0.42817096374501773
1089.0 0.8483577686378174
1089.5 1.1668449831159915
1090.0 1.2071332593467352
1090.5 1.2805494599642417
1091.0 1.8763490227367319
1091.5 1.0655434886775415
1092.0 1.7642857211100536
1092.5 1.9385820406611147
1093.0 1.2160979489641164
1093.5 1.0226124961734107
1094.0 1.154471751093935
1094.5 0.8966270488326589
1095.0 0.855120745851511
1095.5 0.6637982706332285
1096.0 0.8293848266279327
1096.5 1.077337803939956
1097.0 0.8014306543932641
1097.5 1.0488955426197226
1098.0 1.1543575832395683
1098.5 0.7206735778738795
1099.0 1.8509617649780137
1099.5 0.8713184857929832
1100.0 1.192822326442045
1100.5 1.0827884208273773
1101.0 0.6487892360779972
1101.5 0.9649899662804474
1102.0 1.3491039772494047
1102.5 1.0139871689649962
1103.0 1.2739935092185513
1103.5 1.0175192038628211
1104.0 0.883782885404499
1104.5 1.2798028434568791
1105.0 1.1448431796089729
1105.5 1.014006668661594
1106.0 1.0202355322562506
1106.5 0.8078984296652295
1107.0 1.0778093560583617
1107.5 0.9894498873050692
1108.0 0.48325781817862623
1108.5 1.1134428698789038
1109.0 0.9313338771877563
1109.5 1.1929439519840837
1110.0 1.201840976079502
1110.5 1.0171920874111198
1111.0 0.7688040495935383
1111.5 0.6557929522116585
1112.0 0.5213143244668397
1112.5 0.8621657071245049
1113.0 1.7664697455132354
1113.5 0.6767928918228806
1114.0 0.4051566378003435
1114.5 1.1828914458429258
1115.0 1.548328417718936
1115.5 1.4154921479412992
1116.0 2.4013349606013534
1116.5 0.9140757622767905
1117.0 0.9138593976332927
1117.5 0.9062970014881384
1118.0 1.243896571822154
1118.5 0.7719897759040782
1119.0 1.150592575013528
1119.5 1.0578934706539618
1120.0 0.6927316959053786
1120.5 0.9154386036314557
1121.0 1.0033807815061864
1121.5 0.7548381542921487
1122.0 1.0908181713213874
1122.5 0.8789168868858704
1123.0 0.9723561913008137
1123.5 0.688632310178811
1124.0 1.7120326089839684
1124.5 1.7358799393962596
1125.0 0.7465138719208533
1125.5 0.7826335150967965
1126.0 0.5233079979508146
1126.5 0.7866967503298128
1127.0 0.7990727252498213
1127.5 1.393260121620364
1128.0 1.0712092476755375
1128.5 1.1092126747131872
1129.0 1.6965242198442911
1129.5 1.136150664011343
1130.0 0.9075435351430778
1130.5 0.9892256593762178
1131.0 0.6479234039648524
1131.5 0.918872060097521
1132.0 0.5776326385069844
1132.5 0.666840819640276
1133.0 0.761435984542664
1133.5 0.833525255698311
1134.0 1.0646054334811832
1134.5 1.433124608108897
1135.0 0.7203775738728372
1135.5 0.905382934153723
1136.0 0.6048035858983066
1136.5 1.1490565260341625
1137.0 0.6764736384333618
1137.5 0.5752250838838113
1138.0 0.9823405703868995
1138.5 0.7730421509546718
1139.0 1.698082807330501
1139.5 0.943477485225052
1140.0 0.7363996800964429
1140.5 0.8336066896563089
1141.0 1.449676115864232
1141.5 1.0087009918184324
1142.0 1.3805395210120213
1142.5 1.3523640336595495
1143.0 0.8240378453109769
1143.5 0.7385633281028023
1144.0 0.914408815955271
1144.5 0.6106207467297593
1145.0 0.9100881187367004
1145.5 0.909042421870531
1146.0 1.0947193343005286
1146.5 1.457344753153306
1147.0 1.1977066260174132
1147.5 0.6628843792066228
1148.0 0.7124210556199461
1148.5 0.565160207675234
1149.0 0.7616126353432742
1149.5 0.6410266263542027
1150.0 0.6085207109964376
1150.5 0.8158631133635964
1151.0 0.9506824499693626
1151.5 1.101554336200596
1152.0 1.1025906074112646
1152.5 0.8781171439481683
1153.0 2.032555678852219
1153.5 1.3434289912560042
1154.0 1.2566014992596222
1154.5 1.4409629770779202
1155.0 1.125913649631449
1155.5 0.7066307066227877
1156.0 1.3705266168388497
1156.5 1.0794201642924148
1157.0 1.5858254396897964
1157.5 1.0363863519909098
1158.0 1.640514708268866
1158.5 0.9475374865371579
1159.0 1.0385480270728342
1159.5 1.194708462027184
1160.0 1.911640376195738
1160.5 0.730075834711891
1161.0 1.212031564934426
1161.5 1.49597594850592
1162.0 0.9751921362013334
1162.5 1.0792619702778345
1163.0 1.1280168183333665
1163.5 1.3323027213332823
1164.0 1.045119896442598
1164.5 0.5599966336619825
1165.0 1.1047567967649345
1165.5 1.0305064048374324
1166.0 0.39727487829450603
1166.5 1.0247869899901407
1167.0 1.0189580343207634
1167.5 1.0226523806650487
1168.0 0.6647767154350074
1168.5 0.7505090734427954
1169.0 0.898918196513226
1169.5 1.583156956864364
1170.0 0.864164163664249
1170.5 1.1240965796656517
1171.0 0.9494012786182184
1171.5 0.9766382513812334
1172.0 0.772229094477918
1172.5 0.6869183834294821
1173.0 0.5381419198528863
1173.5 1.1983557576902415
1174.0 0.6426011074624007
1174.5 0.2
1175.0 0.5345904424366634
1175.5 0.5410596365394351
1176.0 0.9366855297270454
1176.5 1.8155794645196455
1177.0 0.6680031142157568
1177.5 0.6415216280422522
1178.0 1.161383372250091
1178.5 1.1064377406126689
1179.0 1.0341477144126687
1179.5 0.6178054487797859
1180.0 0.7063991644319729
1180.5 0.5604486722702986
1181.0 1.3369564578283275
1181.5 1.2809238345617704
1182.0 1.2681100429944063
1182.5 1.281725374448762
1183.0 0.9785242793236889
1183.5 0.6408882166185998
1184.0 1.3038543418974835
1184.5 1.059162844200968
1185.0 1.304146490446457
1185.5 0.42826853481249705
1186.0 1.1309675038186975
1186.5 0.2
1187.0 0.7931175279335588
1187.5 1.3583356246887535
1188.0 1.402502536507423
1188.5 0.80350369046537
1189.0 0.6537350119834752
1189.5 0.8580164508967221
1190.0 0.9324444079711016
1190.5 0.9035307226226599
1191.0 1.2613588090012855
1191.5 1.0183192285788278
1192.0 1.8764049959812543
1192.5 0.8513693614819327
1193.0 1.0484814955817
1193.5 0.7445321542057414
1194.0 1.0935122991222135
1194.5 1.7060254677212996
1195.0 0.9195966464110484
1195.5 0.2
1196.0 1.312007626168458
1196.5 2.1770170334483274
1197.0 0.43838387670027645
1197.5 0.6209660592253134
1198.0 1.6844862901413533
1198.5 0.6382978581043129
1199.0 0.7649369300443692
1199.5 0.759612703657794
1200.0 1.0185342030506903
1200.5 0.903633000201268
1201.0 1.71140741522618
1201.5 0.5111588845095452
1202.0 0.38931477226174793
1202.5 1.9472851582133357
1203.0 1.1485007839617927
1203.5 1.3140809060138363
1204.0 0.7557508824485715
1204.5 1.249947726922505
1205.0 0.6771879212826541
1205.5 0.6981993541757305
1206.0 0.45317233877767354
1206.5 0.8507393549795407
1207.0 1.3223481033619078
1207.5 1.1445976259025943
1208.0 1.3020535420121542
1208.5 0.6911677158480988
1209.0 1.7350170102362088
1209.5 2.0091720266149005
1210.0 1.1478897812743223
1210.5 0.6556422907271635
1211.0 1.2802700617744596
1211.5 0.6107286240467952
1212.0 0.6300665264911206
1212.5 1.114251752137284
1213.0 1.2157465937021592
1213.5 1.3179113379805205
1214.0 1.206359466946492
1214.5 0.7569514300087674
1215.0 0.6276246206834033
1215.5 0.9418129976799331
1216.0 0.7815096015427577
1216.5 0.9745091276126076
1217.0 1.2528932010695333
1217.5 0.7922885936977213
1218.0 0.8130604359700762
1218.5 0.5466642046868644
1219.0 0.5704150404730903
1219.5 0.7954625716667342
1220.0 0.7368417479510185
1220.5 1.1647456149849378
1221.0 1.0296946831285536
1221.5 1.2244975277523702
1222.0 1.851577563124612
1222.5 0.9674407131008821
1223.0 1.0900811909041166
1223.5 0.7078333142232562
1224.0 0.4903611579628767
1224.5 1.3398429903578248
1225.0 1.2067525220972959
1225.5 1.1055920002415256
1226.0 1.434115217135148
1226.5 0.9834169338430875
1227.0 1.611309966913919
1227.5 1.0272222214602218
1228.0 1.1365446319994221
1228.5 0.8958216324375065
1229.0 1.0097078334077139
1229.5 0.833551032825882
1230.0 0.9497394517306643
1230.5 1.0562309141548605
1231.0 0.9433347476456665
1231.5 0.2
1232.0 0.8119429679763293
1232.5 0.616161333767455
1233.0 1.1233886172275978
1233.5 1.0682328358839377
1234.0 1.3516936300547688
1234.5 1.1278652859632996
1235.0 1.0111145376650739
1235.5 0.7233202292246117
1236.0 1.461178248326577
1236.5 1.1066081438783986
1237.0 1.200708965452437
1237.5 1.0969694871889615
1238.0 0.7153301147385149
1238.5 0.5491589062780191
1239.0 0.3329209810788305
1239.5 0.7751217501856406
1240.0 1.0725123226454079
1240.5 1.2154164255711106
1241.0 0.6263645069312442
1241.5 0.7430012003846178
1242.0 1.1352064437275833
1242.5 0.6900540071923276
1243.0 1.3996876285664246
1243.5 0.8148103491739574
1244.0 0.9885543835712112
1244.5 0.4765007267520063
1245.0 1.0056340579404306
1245.5 0.7459658181800823
1246.0 1.2418987179620502
1246.5 0.8573607057093904
1247.0 1.537818523231063
1247.5 1.7579244332938964
1248.0 1.2983096723229264
1248.5 1.1204671796374415
1249.0 1.0192497349114658
1249.5 0.5102586352195293
1250.0 1.0380920107090676
1250.5 1.3072561106793352
1251.0 0.9816639344319075
1251.5 1.2728325757802361
1252.0 1.1644540503947018
1252.5 0.7274940524389116
1253.0 0.9959950497186236
1253.5 0.7342390525178009
1254.0 1.3814520044929801
1254.5 1.0551477528959996
1255.0 0.8244037834085366
1255.5 1.2523449586285653
1256.0 0.7445863762508655
1256.5 1.6680549843365267
1257.0 1.3182487715691815
1257.5 0.8307324375841971
1258.0 0.8643604684547566
1258.5 1.3585689596919797
1259.0 1.4031154613578658
1259.5 1.1703505400831111
1260.0 0.8780990841279162
1260.5 1.238357585752537
1261.0 0.8237427334380687
1261.5 1.5733462523420538
1262.0 1.1656944338180966
1262.5 1.358002283342136
1263.0 1.3736267282503105
1263.5 0.866084538631284
1264.0 1.410427246931746
1264.5 1.8589780502411264
1265.0 0.7316086379861662
1265.5 1.371665141523129
1266.0 0.7011155891124787
1266.5 0.8941307792683607
1267.0 0.8496014318435056
1267.5 1.2251948443335832
1268.0 0.5892576581632073
1268.5 1.2146072346596464
1269.0 1.2501616354927245
1269.5 0.8894454079622138
1270.0 0.8810532118047214
1270.5 0.9357678941794287
1271.0 1.5503544701085512
1271.5 0.8722429333294299
1272.0 0.8961601487553181
1272.5 1.3538347469437104
1273.0 0.8878528646492215
1273.5 0.7688635061259921
1274.0 1.0310820481597394
1274.5 1.2864878038105556
1275.0 2.418071803084937
1275.5 1.0080940885452152
1276.0 1.4302797694752951
1276.5 0.8833295718397318
1277.0 1.3792917126005175
1277.5 0.8946742384928669
1278.0 0.5680409096787046
1278.5 1.0294760787057344
1279.0 1.177022359442422
1279.5 0.9017870673557515
1280.0 1.0397248604557436
1280.5 1.6357130198893872
1281.0 0.6477427475872103
1281.5 2.433274069974962
1282.0 0.9859441193557614
1282.5 1.4328591923840026
1283.0 1.5294586835651325
1283.5 1.236575889828396
1284.0 0.6905805785944774
1284.5 0.8411449915059521
1285.0 0.5835946980188842
1285.5 0.453870386580624
1286.0 0.8930950488435282
1286.5 0.5817917024023888
1287.0 0.9851322149835089
1287.5 0.9677123050523018
1288.0 0.6186406859585845
1288.5 0.8310040996129648
1289.0 1.0066735808315865
1289.5 0.5940839432671522
1290.0 0.7825093187526702
1290.5 1.0848104369741842
1291.0 0.4956760922743453
1291.5 1.4338574525266823
1292.0 0.9710355858805583
1292.5 1.2294620320390877
1293.0 0.74610974464823
1293.5 1.1124617532310026
1294.0 1.2002946342412564
1294.5 0.6983239212340439
1295.0 0.8337478304529182
1295.5 1.0406069284267865
1296.0 1.0220313331968867
1296.5 0.6883826474332392
1297.0 0.3749992943683438
1297.5 1.6118446309778633
1298.0 0.686066436233664
1298.5 1.2235276926608702
1299.0 1.4411137011176354
1299.5 1.374562336968878
1300.0 0.9464445813815666
1300.5 0.6235571059074934
1301.0 0.8521062820765802
1301.5 1.3221293836558559
1302.0 1.640401971686821
1302.5 1.0924736912194726
1303.0 1.3867005059164321
1303.5 0.7146095148161576
1304.0 0.8550144163113107
1304.5 0.7303266034836884
1305.0 0.8086365658172772
1305.5 1.2345674420530437
1306.0 0.9598738517654094
1306.5 0.7204193308296898
1307.0 0.6280686490833223
1307.5 0.7709657759536548
1308.0 1.4751686680522527
1308.5 1.021454032109994
1309.0 1.0886345501919836
1309.5 0.8272236570793853
1310.0 1.6553866424334833
1310.5 0.6620308405399048
1311.0 1.131790995612319
1311.5 0.7472921443917799
1312.0 2.289928793631797
1312.5 0.7432867312052306
1313.0 0.8577301973713829
1313.5 0.530319111604966
1314.0 1.3773650611098303
1314.5 2.037071890542726
1315.0 0.8537624089813128
1315.5 1.2723554607985017
1316.0 0.9777275890622231
1316.5 0.7262501665461615
1317.0 1.0731414977077485
1317.5 0.5290091457645157
1318.0 0.4544412053184792
1318.5 0.7551268419525707
1319.0 0.4080460086695388
1319.5 1.1454486053376103
1320.0 1.3158041396877476
1320.5 1.2891150200980364
1321.0 0.7641043588522735
1321.5 1.5210948085939302
1322.0 1.1076302445026833
1322.5 1.6921527294032201
1323.0 1.94812801856094
1323.5 0.5123789867281605
1324.0 0.3986097573924283
1324.5 0.6336972855250906
1325.0 0.8875931852646144
1325.5 1.1339857864438998
1326.0 0.7526524568317743
1326.5 0.6012479503269287
1327.0 0.2
1327.5 0.6563511112108693
1328.0 0.5786684348969078
1328.5 0.553503940103648
1329.0 1.59368566784969
1329.5 0.7323637573483395
1330.0 0.3651278238893476
1330.5 1.0558711922336843
1331.0 0.8956899724571461
1331.5 1.464501825938442
1332.0 0.9963626904204789
1332.5 0.7060340627648495
1333.0 0.5415941043642152
1333.5 0.9105775767989779
1334.0 0.8045908386523813
1334.5 0.4153947117724899
1335.0 0.9619214362322641
1335.5 0.44408340709951466
1336.0 0.6524483119984108
1336.5 0.9160136636514599
1337.0 1.213057503877783
1337.5 1.453274909108183
1338.0 0.8816052982683469
1338.5 0.7595873390609125
1339.0 0.5013610443458777
1339.5 0.7492690643337055
1340.0 0.7561632184190974
1340.5 1.0161716683773234
1341.0 2.128396028596807
1341.5 1.1454501038068658
1342.0 0.604668697580508
1342.5 0.8402774190766612
1343.0 1.4292309878854552
1343.5 1.2230970294842243
1344.0 0.8754335134162912
1344.5 1.074437851819281
1345.0 0.9047070588739559
1345.5 0.48444247082683345
1346.0 0.7717094433800811
1346.5 0.2
1347.0 0.8361944151704281
1347.5 1.2740245681530753
1348.0 0.8542664754962193
1348.5 0.7483955041767325
1349.0 0.8745467849061273
1349.5 0.9746028835721284
1350.0 0.5490349851103142
1350.5 0.5212071115751723
1351.0 0.6054534725606929
1351.5 1.3588977827767599
1352.0 0.7363596008028482
1352.5 1.0501372015939279
1353.0 0.6329821181480022
1353.5 0.8806228595751623
1354.0 0.5777417373006248
1354.5 0.9962810879391929
1355.0 0.7849039254874142
1355.5 1.0769033307454121
1356.0 0.8210023610796672
1356.5 0.7327834636790407
1357.0 0.5910506215415178
1357.5 1.4883484683009662
1358.0 0.9295356778372383
1358.5 0.7763293363819871
1359.0 0.5460170828947961
1359.5 0.9620687145245415
1360.0 1.6410755308134832
1360.5 0.8550084340464756
1361.0 0.817140177456823
1361.5 1.4574117915506088
1362.0 2.0214453052210826
1362.5 0.8398227272451865
1363.0 1.4498307474030034
1363.5 2.030341755179096
1364.0 0.2
1364.5 0.7722769029567607
1365.0 0.747604660559464
1365.5 1.5011285434316919
1366.0 1.2042932005908702
1366.5 0.8817242520715094
1367.0 1.0794180347287443
1367.5 0.8454514976555573
1368.0 0.7002610509337763
1368.5 0.6258849107408061
1369.0 0.8301662866857453
1369.5 0.8461077631023384
1370.0 1.0664860667210685
1370.5 0.6490215986075414
1371.0 1.235596810065116
1371.5 1.0121159796861354
1372.0 1.3947300267269513
1372.5 0.807309868490599
1373.0 1.0874648523986612
1373.5 1.0970115058068683
1374.0 0.7561007297638791
1374.5 0.4856816789333891
1375.0 1.1552799982445727
1375.5 1.0056937811641316
1376.0 0.6804520952018329
1376.5 0.586310556402576
1377.0 0.9935372661353493
1377.5 0.6961707283638361
1378.0 0.6835158983417743
1378.5 1.178117526570238
1379.0 0.8569878641282327
1379.5 1.594143101439435
1380.0 0.9079039290946983
1380.5 0.8134941437041132
1381.0 1.1171303967172541
1381.5 1.0095026042233766
1382.0 0.734688624383554
1382.5 1.13464879280566
1383.0 1.2297626975490674
1383.5 0.9844334503312648
1384.0 0.43671954163895244
1384.5 0.976984857557493
1385.0 1.3447732763641413
1385.5 0.7932901518724779
1386.0 1.635074474524874
1386.5 1.1392494780736833
1387.0 0.9080256388105531
1387.5 0.980070231276006
1388.0 0.8547934377152318
1388.5 1.5084210701920742
1389.0 0.9276993073653972
1389.5 0.5078416062886789
1390.0 0.46414419913649596
1390.5 0.8068071946652182
1391.0 0.7510726638824393
1391.5 1.4860638858885653
1392.0 1.4099732424580167
1392.5 0.8466030181638549
1393.0 1.1646258788577608
1393.5 0.80509822098165
1394.0 1.7320909604727244
1394.5 0.6666633067336467
1395.0 1.0920881559487698
1395.5 0.9896432828969185
1396.0 1.4516922287569098
1396.5 1.2299237692170841
1397.0 0.7299322417026071
1397.5 1.616502284494278
1398.0 1.2537854687615968
1398.5 1.0455852803577974
1399.0 0.9760043150837958
1399.5 0.626307515697019
1400.0 0.7017492791687427
1400.5 1.4700564161746712
1401.0 1.7307174607502516
1401.5 0.8563746617906047
1402.0 1.1556656977764193
1402.5 1.3432364262007188
1403.0 0.8257823886938387
1403.5 0.8691926558968466
1404.0 1.1087171442443158
1404.5 1.531855337673715
1405.0 1.6036432126999758
1405.5 1.9119423507197295
1406.0 0.8100459771728458
1406.5 1.0773509406796464
1407.0 0.6943649556516328
1407.5 0.49130728907315785
1408.0 0.7262188376628023
1408.5 1.418068897559829
1409.0 0.9867806172401727
1409.5 1.2336431512247383
1410.0 1.3825911877606072
1410.5 1.0585874174268803
1411.0 0.8051440848660432
1411.5 0.7352346086510693
1412.0 1.0680620561573373
1412.5 0.4219776492948799
1413.0 0.8229247543919113
1413.5 1.3376538401119773
1414.0 1.0918095583479426
1414.5 0.7444166674418011
1415.0 1.9970846454631412
1415.5 1.0676616640345369
1416.0 1.0197640477848569
1416.5 1.1524520814651555
1417.0 1.3592474647904726
1417.5 1.076813744126784
1418.0 1.3345435453406764
1418.5 0.673105944315859
1419.0 1.6787601279943973
1419.5 1.0854055336829223
1420.0 1.2444149784972698
1420.5 1.6485285039880218
1421.0 1.1158264584526645
1421.5 1.4180838527606956
1422.0 1.1557283236194387
1422.5 1.2296389240463501
1423.0 0.5283182987237552
1423.5 0.7946908597899791
1424.0 1.6745412832823714
1424.5 0.7718200449780772
1425.0 0.5700908716583515
1425.5 1.0566872058884054
1426.0 1.7840766104819292
1426.5 1.280151855422191
1427.0 1.4974155625044427
1427.5 1.4076712396978226
1428.0 1.3509449921835603
1428.5 1.0587121389641934
1429.0 0.7719234878490633
1429.5 0.8882581579693624
1430.0 0.8660258564802247
1430.5 1.080636802956148
1431.0 1.0155571724069143
1431.5 0.9576148349939859
1432.0 0.6512019981941809
1432.5 0.7082766775922271
1433.0 0.853958068130444
1433.5 1.175902929143343
1434.0 0.44016002637911517
1434.5 1.3437725668562912
1435.0 0.9858460932082468
1435.5 0.8906235473598741
1436.0 0.5695308552281976
1436.5 0.7665297160476607
1437.0 0.9850592455324526
1437.5 1.2486076605496539
1438.0 0.6475525245242697
1438.5 1.5405708419099613
1439.0 0.7495077010322547
1439.5 0.7886772537298059
