0 0.6851494364342894
0.5 1.0528741076371189
1.0 0.8510736306355677
1.5 1.8143849341986988
2.0 1.8278218473638725
2.5 1.191733295644644
3.0 1.3986229540718327
3.5 1.6528450925773166
4.0 0.6342352408582418
4.5 1.354760711344175
5.0 0.844901392621023
5.5 0.8301593468345245
6.0 0.7918051598069701
6.5 1.6394555413750416
7.0 0.6951217834265035
7.5 1.4025767616852916
8.0 1.0557703064741255
8.5 0.8865797711611529
9.0 1.2759643942104293
9.5 1.0419799723832726
10.0 1.1837458685823563
10.5 1.6637187845830281
11.0 1.6498351218085516
11.5 1.3975931266941832
12.0 1.0714122964696398
12.5 1.2427716079274385
13.0 1.205434279296679
13.5 0.5716389509841839
14.0 0.5971073495762347
14.5 0.6410674945187077
15.0 0.6401847056497907
15.5 0.5558522989195804
16.0 0.2
16.5 0.6242349265207306
17.0 0.7615376778985189
17.5 0.8850421750329456
18.0 1.0822738198552648
18.5 1.5442785422813414
19.0 1.010288384291976
19.5 1.1345470776340267
20.0 1.2939390592180748
20.5 0.8649035667248639
21.0 1.1830996711737236
21.5 1.5511980418709146
22.0 1.4981508399844277
22.5 0.7617330571040272
23.0 0.9686119480890611
23.5 1.8779958203708644
24.0 1.492544789608182
24.5 1.1284940164139086
25.0 1.5409097684586448
25.5 1.935185739305886
26.0 1.2810816548890112
26.5 1.5211469511524358
27.0 1.2501431460011303
27.5 1.568255274028278
28.0 1.1766825686039732
28.5 1.3788226989160282
29.0 0.8402023362456068
29.5 0.5704100559827257
30.0 0.6975683835299772
30.5 0.9413867949313472
31.0 0.954030020384603
31.5 0.839036831038807
32.0 0.8881000911374718
32.5 0.8723701380065242
33.0 1.0122472200808659
33.5 1.025612995868984
34.0 1.3080092026117787
34.5 0.730775383228478
35.0 1.2709878233564618
35.5 0.5769019199450749
36.0 1.3800654637512237
36.5 0.8385897578861116
37.0 0.6198710409161021
37.5 0.9097946407096713
38.0 0.8741336090205247
38.5 0.9465379751487045
39.0 1.1763957217672054
39.5 1.2651376965072425
40.0 1.2747966610624417
40.5 0.9069080977582821
41.0 0.9753199339469386
41.5 0.8672609349276916
42.0 0.6826169791263281
42.5 1.0699402967563283
43.0 0.7660229984444179
43.5 0.5598520171128891
44.0 1.7984947032847391
44.5 0.9226748747259668
45.0 1.040983917595223
45.5 0.6568819083761903
46.0 1.402345439827133
46.5 0.6402195592992758
47.0 0.7400091339005367
47.5 0.7774019627514518
48.0 1.0907083966663906
48.5 0.9548166029013062
49.0 0.989742943519826
49.5 1.6128711992846996
50.0 1.0866552593820453
50.5 1.0069934226479544
51.0 1.0688271052053766
51.5 1.2089582330325452
52.0 1.0300547145296428
52.5 1.3506195149943578
53.0 0.777762643144635
53.5 0.8121265886015658
54.0 0.8609457799851099
54.5 1.538558766092199
55.0 0.7991515966147593
55.5 1.0341994765141787
56.0 1.181763408266284
56.5 1.353380596152245
57.0 0.7822101973042306
57.5 1.2773579945072107
58.0 0.9550460646512924
58.5 1.3355205796989527
59.0 0.8357351444073936
59.5 1.007503472901688
60.0 1.0697875148821798
60.5 1.0193989421063776
61.0 1.2886128931439573
61.5 1.1676841325028142
62.0 0.6490525605991082
62.5 0.6486958774935143
63.0 1.1955851206501626
63.5 0.939284897688952
64.0 1.357266542850081
64.5 1.2854540765874973
65.0 0.9113300298727646
65.5 1.1877372333508682
66.0 1.0039574497974009
66.5 1.6902195018646546
67.0 1.195595645972734
67.5 0.9891978480198061
68.0 1.3569935358069811
68.5 1.3676315275686477
69.0 0.8367643875853779
69.5 1.098123806389534
70.0 0.7914042765112532
70.5 1.3313170800293919
71.0 1.0146997967761724
71.5 0.5377622520969226
72.0 0.7382776519527472
72.5 1.675007717026583
73.0 0.9879162145226006
73.5 1.2771979990538465
74.0 0.7736153866652482
74.5 0.9809779676630419
75.0 1.2073877040902716
75.5 0.7802523028670937
76.0 0.4312768082540803
76.5 1.1054011035079867
77.0 1.0041246153130252
77.5 1.0714210606926784
78.0 1.3555827551028234
78.5 0.6021774926772425
79.0 1.186034437075731
79.5 0.827166120014317
80.0 0.6927081132107799
80.5 0.9212270461078734
81.0 1.5906027440515573
81.5 0.7843112637281376
82.0 1.0025837823388013
82.5 1.3273094328193995
83.0 0.9631030062895203
83.5 2.1817694460045933
84.0 0.6392267396821874
84.5 1.6037986285494834
85.0 0.8306507804544201
85.5 1.0565952363614837
86.0 0.7090985836474406
86.5 0.8640059125852213
87.0 0.6177389374266553
87.5 1.2652221960031917
88.0 1.237314979009517
88.5 0.755681034884646
89.0 1.776385844650421
89.5 0.8787698779873793
90.0 1.471822429432919
90.5 1.1991440964710207
91.0 0.9891316409697777
91.5 1.2621276884075154
92.0 0.8420361210939162
92.5 0.9675653464504568
93.0 1.453284729022651
93.5 0.6430510886146208
94.0 0.4871235553058736
94.5 1.1794334279262495
95.0 1.6440171564851154
95.5 0.6946120643730634
96.0 0.9157022616116688
96.5 0.9575603792000764
97.0 1.264143009565898
97.5 1.066818241517898
98.0 0.874941182055986
98.5 0.7816349284580243
99.0 0.844527457428015
99.5 0.9837545640089216
100.0 0.8319253324364396
100.5 0.960859018244322
101.0 0.5106279906182972
101.5 1.405080523817515
102.0 0.5953720734954447
102.5 1.2584765969692624
103.0 1.0115717000074884
103.5 0.6420189920633185
104.0 0.9124588571643925
104.5 0.8242444335357662
105.0 0.6510528081308985
105.5 0.6956196438989698
106.0 0.587294268370276
106.5 0.7916325710562402
107.0 1.0725624513827952
107.5 1.0810080795798542
108.0 0.6951615891130488
108.5 1.0158431119838713
109.0 0.7043771577856113
109.5 1.635371928869481
110.0 1.0874892794464617
110.5 1.9284033138040986
111.0 0.7461709880700568
111.5 1.13518527506294
112.0 1.5527606081864902
112.5 0.2
113.0 0.7439814905376068
113.5 1.4590837882471628
114.0 0.7858684257504351
114.5 0.963349136768614
115.0 1.2351589165323067
115.5 0.5650811134406508
116.0 0.6057316099383561
116.5 1.2551996211040164
117.0 0.9515682971498233
117.5 0.9872961271800517
118.0 1.452146421730717
118.5 1.2508334468657565
119.0 0.9890686943897922
119.5 0.8567539178692474
120.0 0.9241848229970082
120.5 1.0266362959217994
121.0 1.3424665492182144
121.5 0.2
122.0 0.6023045640690394
122.5 0.8000806518844571
123.0 1.7581974132085185
123.5 1.2081227615449883
124.0 1.105377746924069
124.5 0.45928279971541774
125.0 0.630649753329909
125.5 0.7983332300196688
126.0 0.8156050526752888
126.5 1.0511600598797872
127.0 0.773712971455139
127.5 1.6038023728620137
128.0 1.0693295980386537
128.5 1.3563178044421589
129.0 1.282601686816335
129.5 1.3154538783055612
130.0 0.7452665107378634
130.5 0.9655782856470534
131.0 0.3200611067302954
131.5 0.6479372726708923
132.0 1.042432664503782
132.5 0.6503721951958281
133.0 0.5484763171129453
133.5 0.79725890982259
134.0 0.8317378772371902
134.5 0.7610278523245209
135.0 0.8442687784018023
135.5 1.9309694063846066
136.0 1.0767648822888956
136.5 0.24966125121361793
137.0 1.0022072915843707
137.5 0.8677564215263452
138.0 0.9639257208293365
138.5 0.8664101693722881
139.0 1.0805783064281287
139.5 1.4893518059026496
140.0 1.0605046465622883
140.5 1.501935996330007
141.0 0.6292710298190713
141.5 0.7845097517955973
142.0 1.1710256435517579
142.5 0.7442917742725498
143.0 0.914664871345034
143.5 1.3208236936813127
144.0 0.8631333905358614
144.5 0.7042198877803216
145.0 1.106016885697557
145.5 0.7132917295527614
146.0 0.6467239272831709
146.5 0.8724183552306942
147.0 1.1357189758091206
147.5 1.930930095046937
148.0 0.924963767955995
148.5 0.8344391977671648
149.0 0.7628525208571044
149.5 0.9026891238191079
150.0 1.038943716583927
150.5 0.8335305292115641
151.0 0.6581669285307772
151.5 0.4345602574329682
152.0 1.0805970105542366
152.5 0.9533711563571771
153.0 0.9387225347622613
153.5 0.5425017275712608
154.0 0.6182184668381494
154.5 0.6149366431158162
155.0 1.5728791603877292
155.5 0.8063365210351197
156.0 0.5533800160059366
156.5 0.8886393878343802
157.0 0.4097169427772142
157.5 1.7556667759634679
158.0 1.2295390557412853
158.5 0.546220067049985
159.0 0.5504126704881289
159.5 1.0294428041588053
160.0 1.4735273250617187
160.5 0.7482457873312247
161.0 0.9536952246150976
161.5 0.9942554108415188
162.0 0.890716956958865
162.5 0.9134624000100933
163.0 1.3926007102680789
163.5 1.2073281795192523
164.0 1.329606034697282
164.5 0.9130504486561839
165.0 0.6671108576151505
165.5 1.134917471578233
166.0 0.7615651939649943
166.5 0.8100152831026434
167.0 0.7479694105682355
167.5 0.8021821452053811
168.0 0.9996044763335432
168.5 1.916648305344268
169.0 0.6919015968281024
169.5 1.3972091667429134
170.0 0.9751037194871437
170.5 0.45103019014941303
171.0 0.9231567066703141
171.5 1.1136249228411956
172.0 0.8728412217308462
172.5 1.2856641557571649
173.0 0.76632998046565
173.5 1.341151784005488
174.0 1.4928967027017088
174.5 2.0608012979046393
175.0 1.7056340502158034
175.5 1.5770698028566552
176.0 1.9411038367724274
176.5 1.2261314830663301
177.0 1.2224715531891068
177.5 1.2050947999140051
178.0 1.8743135893518925
178.5 0.9160222756554259
179.0 1.0345329034290391
179.5 0.8664749356669397
180.0 1.1510402136593447
180.5 0.7138611183157164
181.0 0.925101390504067
181.5 1.077994901953369
182.0 0.5276734840574504
182.5 0.9303086141805084
183.0 0.9801359342697569
183.5 0.9965124110868827
184.0 1.3318866168650243
184.5 0.7959793491852734
185.0 1.2924590226198103
185.5 1.1764455043704936
186.0 1.280219276184491
186.5 1.4612440896337167
187.0 0.8681303770608395
187.5 1.0954255041702297
188.0 1.3688576972844229
188.5 1.1611900777010222
189.0 0.9794029708168723
189.5 1.047362574425077
190.0 0.6965897256692496
190.5 0.62378817738005
191.0 0.770330842178639
191.5 1.3021783872754171
192.0 0.9425194298567054
192.5 0.6693846212920782
193.0 0.6542512098273479
193.5 0.3787545329449744
194.0 1.1439201394906586
194.5 0.5315242726193441
195.0 1.1977542951801001
195.5 0.7531452056324528
196.0 1.1761096802886737
196.5 1.7480224537939435
197.0 0.7904319860246131
197.5 0.4367607067599004
198.0 0.9924739094664956
198.5 0.643735379872425
199.0 0.9586762941130842
199.5 0.6840387192695154
200.0 1.0825387945409708
200.5 0.9425899119300692
201.0 0.6958866078372727
201.5 0.7992659275394645
202.0 0.9087667149912837
202.5 0.6355442226942144
203.0 0.7690188525602624
203.5 0.6378256941115104
204.0 0.594300750872266
204.5 1.235907256566191
205.0 0.683556869582888
205.5 0.8622365257823921
206.0 1.055521571601949
206.5 1.539747780029948
207.0 0.5132887191397414
207.5 0.6926921507713797
208.0 0.9151888403463679
208.5 1.6352236903296815
209.0 1.2159100175701159
209.5 0.5713401970630678
210.0 0.6841700966276318
210.5 1.506972957442748
211.0 1.878249516572346
211.5 1.214837326055291
212.0 0.7033133589229787
212.5 0.9700376451854062
213.0 1.048116180464787
213.5 0.34387614846294257
214.0 1.5892749144637452
214.5 0.7755937054420888
215.0 0.5957595902373787
215.5 1.2075551005278364
216.0 0.7974585197080766
216.5 0.596501637142564
217.0 0.6668756926152772
217.5 0.598254038458815
218.0 1.4993507615572108
218.5 0.705474328148344
219.0 0.8263289802730619
219.5 0.5881565650973688
220.0 0.7898520736734054
220.5 0.9984088993559785
221.0 0.7158305779421918
221.5 0.8137526379938564
222.0 0.9820581994655339
222.5 0.5903437424733842
223.0 0.8728633329718574
223.5 0.7622837431629491
224.0 0.904831888666005
224.5 0.9978410663786333
225.0 0.796195207076873
225.5 1.1448018299550329
226.0 0.5931215177973972
226.5 1.3043561735558744
227.0 1.0737810195848678
227.5 0.5591361962719421
228.0 1.1074818719701307
228.5 0.8208122851278711
229.0 0.6395721896789772
229.5 0.6273652700891508
230.0 1.2272761740415143
230.5 0.8257196146046686
231.0 0.6103539061143799
231.5 0.7892985310466245
232.0 1.1120032078837259
232.5 1.1362943104796772
233.0 1.0306857516230532
233.5 1.2937379614741995
234.0 2.013416390053492
234.5 1.1676673960510482
235.0 1.491366467738704
235.5 1.2436471971932224
236.0 0.9181730339632987
236.5 0.8278004575819049
237.0 1.4461283943906373
237.5 0.7818157723865486
238.0 1.3088318963226107
238.5 1.004570997510668
239.0 0.8156739421245469
239.5 0.6181455209707714
240.0 0.9334809121610016
240.5 1.5124949988889247
241.0 1.1908042529581753
241.5 1.4523053124522591
242.0 0.9233338878227665
242.5 1.020305679245781
243.0 1.1769197874093553
243.5 0.585325651988577
244.0 0.8080858898554639
244.5 0.9842095298818755
245.0 0.6603538242316297
245.5 1.4727074921679577
246.0 1.1376042494637895
246.5 0.6610601429952984
247.0 1.1063095935701361
247.5 1.114810740215132
248.0 1.1366093514517355
248.5 0.7080731063868277
249.0 0.9011281841246589
249.5 1.1532406325033804
250.0 1.6474481458330623
250.5 0.6018512431970467
251.0 0.8814423811783667
251.5 0.8462645558079447
252.0 1.2067597430454828
252.5 1.3032173171841899
253.0 0.8288106345677645
253.5 1.5069451562610139
254.0 0.938439897048896
254.5 1.1394116789618245
255.0 0.9563578766011507
255.5 1.9012159707998721
256.0 0.7408589173899931
256.5 1.0168207429601437
257.0 1.434728376768558
257.5 1.3733146142525023
258.0 0.9344475190685082
258.5 1.2781761872456505
259.0 1.4374707643474482
259.5 1.1751930589002653
260.0 0.5553346301445772
260.5 0.8658000732167879
261.0 1.1479478087830697
261.5 2.2561715371074813
262.0 1.53057121750083
262.5 0.7940377796052398
263.0 0.7308786334928725
263.5 0.8936439075222742
264.0 0.3410042917179047
264.5 0.5123603071886303
265.0 1.6328085626119906
265.5 1.3570042833553604
266.0 0.3870026461227073
266.5 1.0878019884109005
267.0 0.8997645492271554
267.5 0.9820879248952178
268.0 1.0669890892925715
268.5 0.5915428927422117
269.0 1.375353202233388
269.5 0.9996461712308996
270.0 1.0208419067530845
270.5 1.140021762150449
271.0 1.4175404001852665
271.5 0.627949043839036
272.0 0.6885696458750751
272.5 0.7340794932770633
273.0 0.8938107594543874
273.5 0.9910844779437203
274.0 1.3100283637890435
274.5 0.8415171332733439
275.0 0.9579100908757378
275.5 0.7334415982217424
276.0 1.3191754855534519
276.5 1.9150186556660946
277.0 1.1237745130393602
277.5 0.7536388353868877
278.0 0.8616393601108807
278.5 0.9673762333823273
279.0 0.9200053177416938
279.5 1.1567614907274208
280.0 0.9736871176553331
280.5 1.3446105461159843
281.0 1.3040396830106602
281.5 1.1951513126536044
282.0 0.9148602707258919
282.5 0.8056990444014174
283.0 1.1122318966361804
283.5 0.8163808200439374
284.0 0.763060961545903
284.5 0.9838122535403135
285.0 1.0123007363902528
285.5 1.313047408930664
286.0 1.8989525777943475
286.5 0.4647629887429599
287.0 0.7896426307831484
287.5 0.8881824710927548
288.0 0.9972847820569533
288.5 1.1245396784405997
289.0 0.9326648824069423
289.5 0.842125239508354
290.0 0.657330599210767
290.5 1.3262888494980682
291.0 1.114365703356606
291.5 1.760250836008177
292.0 0.7389888542518452
292.5 0.8617290442688404
293.0 1.0591743578465307
293.5 1.0375341760977412
294.0 1.6213251638280521
294.5 0.7009589326791574
295.0 1.328946868278166
295.5 0.8912748303536535
296.0 1.3193845658201053
296.5 0.7285781049403615
297.0 1.3026438482591391
297.5 1.145535397521627
298.0 0.9090258389349071
298.5 1.610033972840236
299.0 1.8414708730301501
299.5 0.7259022611789306
300.0 1.4539691792931722
300.5 0.7804530725464343
301.0 0.9466957394671052
301.5 1.1123389917862658
302.0 0.8328558976369023
302.5 1.0555284480216134
303.0 1.1764273819302145
303.5 0.554531444032399
304.0 1.4031114523940165
304.5 0.7146312618153291
305.0 0.656305616018868
305.5 1.173498582151864
306.0 1.1297315034442494
306.5 0.97407098965636
307.0 0.8577511583625861
307.5 0.7421869046086134
308.0 0.8351748640742325
308.5 0.8042827802485792
309.0 0.7534673699371215
309.5 0.34413842524677474
310.0 0.7634454970213542
310.5 0.6305317043582486
311.0 0.9064277287588903
311.5 1.1437222997035565
312.0 0.6704223945430081
312.5 1.0755225925538525
313.0 0.9223396075090977
313.5 1.1613167619100788
314.0 0.9943019096813306
314.5 1.4269283046006995
315.0 1.1423501186077676
315.5 0.9196187435969498
316.0 1.007895374031657
316.5 1.5407794563942216
317.0 0.5763855381077857
317.5 1.0090962734776034
318.0 0.7190406649719305
318.5 0.7988273753391604
319.0 0.7184819042442088
319.5 1.5955403107028316
320.0 1.4081053804129873
320.5 1.4768969109128887
321.0 1.3719633740047805
321.5 2.330951202812739
322.0 0.7666653581531079
322.5 0.8545907887999062
323.0 1.3580392096961962
323.5 1.015300989262905
324.0 0.43913321248833187
324.5 0.7953570786448794
325.0 0.4228022440696716
325.5 0.8640546326214693
326.0 0.8578810289795753
326.5 0.8873236484938702
327.0 1.0287845039905004
327.5 1.1650108187597845
328.0 0.6527835170794913
328.5 0.9160415550269612
329.0 0.4987971342698598
329.5 0.49896931073886996
330.0 0.7527711009313901
330.5 1.371242194109211
331.0 0.8689681775411021
331.5 0.8835580737202914
332.0 0.8379510523508136
332.5 0.8865277693971795
333.0 0.8731138660866855
333.5 0.6495359332302968
334.0 1.3391035057887568
334.5 0.9583599211294934
335.0 1.1174874038111438
335.5 0.923061784368895
336.0 1.7857456864116568
336.5 1.34242233061102
337.0 1.5691363275902468
337.5 1.1883542492293317
338.0 1.102463025239616
338.5 1.296222829533963
339.0 1.0035549773909374
339.5 1.0080979475579106
340.0 1.3419124694623092
340.5 0.699598602620185
341.0 1.617268689876132
341.5 0.6230360693011938
342.0 0.9266627653510855
342.5 0.9892704223981257
343.0 0.982897678390171
343.5 0.8290077939842478
344.0 0.7296126604831272
344.5 0.8488417309156704
345.0 1.278988417500977
345.5 0.9863783552407852
346.0 0.6232406318462976
346.5 0.8945289109992745
347.0 1.0414027195178743
347.5 0.7699261178935648
348.0 0.64547394904181
348.5 0.9773089485284907
349.0 0.7146989904335392
349.5 1.1963800036970884
350.0 0.6417191616402724
350.5 1.0995723374018134
351.0 1.2969349581189387
351.5 1.7855646257038895
352.0 0.6247115556409801
352.5 1.5752434571566183
353.0 1.1161054201869551
353.5 1.1501246346265894
354.0 1.0687031946105179
354.5 0.842837675224894
355.0 0.9223841362253751
355.5 0.6621227428425475
356.0 1.2024025378892393
356.5 0.5228868497674679
357.0 0.7418387053470095
357.5 0.96499014637766
358.0 0.6868554726165429
358.5 1.2118522902569044
359.0 0.7843227861537158
359.5 0.7063392837203396
360.0 1.7492052097349031
360.5 0.6539365128729284
361.0 1.508750493931867
361.5 0.9632304771383194
362.0 1.0303275235349396
362.5 1.0723435478102743
363.0 1.5309398942121666
363.5 1.1828971648793565
364.0 1.6157561397451055
364.5 1.340816680340926
365.0 0.6991629637790868
365.5 0.9540806276991642
366.0 0.98134879208582
366.5 1.0101921987733893
367.0 0.9640870819699418
367.5 1.1258734914033413
368.0 0.33148954998018865
368.5 0.44829343098800745
369.0 1.1789922742901684
369.5 0.7716636894009857
370.0 1.2069523785910312
370.5 0.9369882237680158
371.0 0.854526655635737
371.5 0.6612967024840042
372.0 0.6174510360003458
372.5 1.2980106302601317
373.0 1.218370506953332
373.5 0.9424169825056796
374.0 1.4338919318098062
374.5 0.7750268414736791
375.0 0.7658734116948992
375.5 0.9712147779459884
376.0 0.7873532388828448
376.5 1.1198266838144342
377.0 0.7293691013787416
377.5 1.0003695282359284
378.0 0.9808763199429261
378.5 1.7428559306247244
379.0 0.6118622746846027
379.5 0.6096786727319239
380.0 0.8462200889221491
380.5 0.698008693922169
381.0 0.5631715266984058
381.5 1.1858938206206229
382.0 0.709922681779461
382.5 0.9112446441724057
383.0 0.8758265470172464
383.5 0.5321107925889597
384.0 1.067254029159612
384.5 1.037722126429823
385.0 1.3718996572800881
385.5 0.9505064160950898
386.0 0.57333226198118
386.5 0.8458563452746041
387.0 1.3892561188663586
387.5 1.286344306933973
388.0 0.8621679043447613
388.5 1.0739004968371644
389.0 1.2976084923011222
389.5 0.9545146028474926
390.0 2.024297062036691
390.5 1.3417036999587197
391.0 1.029080166069335
391.5 1.131205921913086
392.0 0.7802044420297142
392.5 1.2202919264002199
393.0 1.8135491224153553
393.5 0.727799622164716
394.0 0.5493466811118836
394.5 1.535416368829336
395.0 0.4161417888649632
395.5 1.32797706692394
396.0 0.7855914843129868
396.5 0.7665964913483627
397.0 0.6075628056884274
397.5 0.9540858755585697
398.0 0.6671048118204219
398.5 0.8537134118262425
399.0 0.770370426107092
399.5 1.7667095102870416
400.0 0.8473660024948346
400.5 0.7192062498458964
401.0 0.613939472716992
401.5 1.3346148333611336
402.0 0.6543495137634894
402.5 0.5784857619634962
403.0 0.591302232465157
403.5 0.5715839253469455
404.0 2.0808047582959914
404.5 0.8588163031315752
405.0 0.6554911368943318
405.5 0.7849334975774791
406.0 1.1053010242977983
406.5 1.021758921456462
407.0 0.9206900431171481
407.5 0.7311530815770972
408.0 0.7905789084061032
408.5 0.6898789327149258
409.0 0.922606930706725
409.5 1.3290049440242249
410.0 1.4811361713260887
410.5 0.5956114812515609
411.0 1.9734376570785526
411.5 0.8259851440977362
412.0 0.8166841527500065
412.5 1.1827414339586355
413.0 1.5622015860191287
413.5 1.7176531197559486
414.0 1.5200328088195931
414.5 1.12764633535589
415.0 0.6982146960010045
415.5 1.77526546268279
416.0 1.06445524053352
416.5 1.0890211068392663
417.0 1.2920543420081307
417.5 1.5203581284307743
418.0 0.8932216756422023
418.5 0.9607708738478489
419.0 1.2886565537194343
419.5 1.3528324087138641
420.0 0.3873330375941386
420.5 1.021313382989117
421.0 0.9139132271740524
421.5 0.9710320669559769
422.0 1.5643215505910746
422.5 0.7472733961734943
423.0 1.252299753830362
423.5 1.1827312874085605
424.0 1.4394755207992467
424.5 1.6607855877767226
425.0 1.128557933317527
425.5 0.6720750582871085
426.0 0.9857973581600975
426.5 0.7797261078528814
427.0 1.1640422854303418
427.5 0.9275306962748114
428.0 0.5149850629238952
428.5 0.6760551056958412
429.0 1.310689797496487
429.5 0.6848159431609139
430.0 0.40624024088829314
430.5 1.2075642362155388
431.0 0.7370304911892607
431.5 0.6535966047655477
432.0 0.995448493043179
432.5 1.2648584410322035
433.0 1.7853471260954907
433.5 1.1225949480022854
434.0 0.384911770180825
434.5 0.9113403766787542
435.0 0.595970205938599
435.5 0.898720742197693
436.0 0.6996401582828597
436.5 0.7359902021948103
437.0 1.5715949319198947
437.5 0.6874092309142258
438.0 0.7183942941059318
438.5 0.9748560366578346
439.0 1.130403850240083
439.5 0.9674370666221884
440.0 1.0076979851045729
440.5 0.28599441303847095
441.0 1.003324261290682
441.5 0.6180872048022603
442.0 0.9927913314460902
442.5 0.6934855095047825
443.0 0.9943168295924207
443.5 0.7669057471687747
444.0 1.7188217488241988
444.5 0.6200411186384435
445.0 1.0376466139768374
445.5 1.2717806923342487
446.0 0.9635835347687403
446.5 1.1675482896015694
447.0 0.8518941100106385
447.5 0.5948938360129737
448.0 0.9688145068678194
448.5 0.7440284042089413
449.0 0.991279411669133
449.5 0.8538125531794845
450.0 0.7303642154761659
450.5 0.790959926575269
451.0 1.770440871364955
451.5 0.44285257248232296
452.0 1.1214147446731224
452.5 0.9339887870502446
453.0 1.1936733679841414
453.5 0.6806064111488567
454.0 0.9329170196750757
454.5 0.45783759758496845
455.0 0.9397245057454447
455.5 0.8141133591569725
456.0 1.0468523303309623
456.5 0.3887336913144672
457.0 0.7767700659762811
457.5 0.2
458.0 0.690781203150778
458.5 1.7917182138893195
459.0 0.6247458130368192
459.5 0.6136856941141495
460.0 1.1327367583659846
460.5 1.4044581348578569
461.0 0.8933762656204551
461.5 0.8274033884735984
462.0 0.630949417226682
462.5 0.916918722495935
463.0 0.9902621601074116
463.5 0.9264521288449897
464.0 0.8459571809172909
464.5 0.863588421783087
465.0 1.2387126334557876
465.5 0.4749513224925924
466.0 1.2863952361219608
466.5 0.8587087915392546
467.0 1.28881514301005
467.5 1.8300888028806392
468.0 2.210277415142708
468.5 2.1435697978515815
469.0 1.4313159871449979
469.5 1.4716951808292245
470.0 1.1151476848990824
470.5 1.4846013562073344
471.0 0.5653045166441824
471.5 1.020175736919866
472.0 0.8930815234136105
472.5 0.8810684130393278
473.0 1.3738378987885218
473.5 1.2316662775152218
474.0 0.5999373088922307
474.5 0.7707139990590204
475.0 0.9115410208976525
475.5 1.5185889980659284
476.0 0.8444063037322791
476.5 1.3754734972596174
477.0 0.8747287551538541
477.5 1.611813053109287
478.0 1.4251319158403595
478.5 1.1935159768027503
479.0 0.7830831564696139
479.5 0.9816481648714462
480.0 0.7081354868227037
480.5 0.4600899554386869
481.0 1.0971384975302017
481.5 1.021125216507837
482.0 0.958885824529654
482.5 1.1122646619390604
483.0 0.9180286327042025
483.5 1.3827915616197268
484.0 1.301538214704507
484.5 0.793742133170802
485.0 1.4619976825511323
485.5 0.5453599512572633
486.0 0.9719992963227708
486.5 1.7086595399631799
487.0 0.7228739348931887
487.5 0.9647369520525305
488.0 0.37807473645874445
488.5 1.4008264689396501
489.0 1.2540870645489144
489.5 0.4175406467342224
490.0 0.8814161286919904
490.5 1.0376011933633853
491.0 1.1275478125573937
491.5 1.6689998773910124
492.0 0.9175895906097595
492.5 0.7924007228828573
493.0 1.4869065337669158
493.5 1.424345955978056
494.0 0.8551640534517954
494.5 0.7277484059066756
495.0 1.2671140562406125
495.5 1.2093380943198184
496.0 0.5382802677139239
496.5 0.7838121094959987
497.0 0.7192346767736453
497.5 0.8346933360533347
498.0 0.7842513740262411
498.5 1.112305368996988
499.0 0.8169859755628173
499.5 0.6933832363147459
500.0 0.6850555252819216
500.5 0.8082554383050042
501.0 0.9470442261848289
501.5 0.5648401381706218
502.0 1.5968954803974373
502.5 0.7460301205351926
503.0 1.0345425353978586
503.5 1.0831301068388823
504.0 1.2238440583345407
504.5 0.9487603136224672
505.0 1.461162927993242
505.5 0.8834537600148484
506.0 0.5608207193274402
506.5 0.9627083629900858
507.0 1.5380516835019467
507.5 0.7363471510515136
508.0 0.6520577522905852
508.5 0.3644685378163244
509.0 0.9053290213455074
509.5 1.4240641234885323
510.0 0.9086324644444582
510.5 0.888535453135896
511.0 1.4862115337227122
511.5 1.0725558165966267
512.0 1.1822204807810701
512.5 0.49576114908831875
513.0 0.6340666460280016
513.5 0.7823149516251282
514.0 0.6397960225507795
514.5 1.035262752884555
515.0 1.3362996206416846
515.5 0.9393370618367107
516.0 0.703034369355108
516.5 0.6349450448351963
517.0 0.6993782856981234
517.5 0.9461545663027461
518.0 0.9660397699709713
518.5 1.6653520303212295
519.0 1.1901026805257167
519.5 0.5588336653819443
520.0 0.5479429063897636
520.5 0.7279561293934176
521.0 0.70204065788544
521.5 0.28936372643401986
522.0 1.4578716535409382
522.5 1.4723890793917058
523.0 0.9987910573439017
523.5 1.3686611895701866
524.0 1.125853406977455
524.5 0.9549823036142732
525.0 0.9588952011092813
525.5 2.3100199455835506
526.0 1.212059332282971
526.5 1.2636531290728832
527.0 1.2101510584352215
527.5 0.9598072437018885
528.0 0.7507161453745809
528.5 1.0428068522816782
529.0 0.9213992287127729
529.5 0.8140476377743247
530.0 0.7294731546769657
530.5 0.8453296309417229
531.0 1.1835327565061544
531.5 1.5666776271469383
532.0 1.5819932073559473
532.5 0.513433859062864
533.0 0.7348804081949725
533.5 1.6708827800613157
534.0 1.0482601723102336
534.5 1.4224036493748027
535.0 0.7508261857391574
535.5 1.5601889727645175
536.0 0.7157684987397812
536.5 0.6589674996996734
537.0 0.8356480861523747
537.5 0.9627217390312676
538.0 1.551076316602372
538.5 0.7765927523827061
539.0 0.6312758203838892
539.5 1.469852463382097
540.0 0.9574089859600926
540.5 1.1667781846328813
541.0 1.2683170575489093
541.5 0.7964841838317868
542.0 0.7077793319215475
542.5 0.7222513419489685
543.0 0.8453955121733485
543.5 1.0683146688496006
544.0 1.2635348410979965
544.5 1.1927729892990653
545.0 0.9393104650566569
545.5 0.35406643659608494
546.0 1.3735490357075117
546.5 0.8160402560229498
547.0 0.6337412828557288
547.5 0.7303244837546881
548.0 0.6514701328792945
548.5 0.482745263616037
549.0 0.7439254693822688
549.5 0.48298961921666705
550.0 1.2530729934452518
550.5 1.5345587885482463
551.0 1.627778000896888
551.5 1.1956480425275635
552.0 1.4302039918605964
552.5 0.641000988939284
553.0 0.3309008191757915
553.5 2.3083534079863393
554.0 0.6021802448550675
554.5 1.000009359572374
555.0 1.6929141032236883
555.5 1.8365312495106005
556.0 1.292856320822334
556.5 1.035246999941867
557.0 1.6440507712064631
557.5 0.7224374165690466
558.0 0.7618442009822582
558.5 1.151065054724
559.0 1.0198862490366674
559.5 1.0922288211439377
560.0 1.4640415571071141
560.5 1.251867039644873
561.0 0.9150082873488575
561.5 1.0246807035147607
562.0 0.5559548210200872
562.5 0.5851219811302222
563.0 0.6475700952853212
563.5 0.8766469867095955
564.0 0.8919673095961002
564.5 1.7133215757607088
565.0 0.780475834828555
565.5 1.1456753555456003
566.0 1.3955315815701672
566.5 1.1888789424837758
567.0 0.8584228215071795
567.5 1.4119591952548882
568.0 0.7678757551689328
568.5 0.8937640199756407
569.0 0.9131042668448791
569.5 1.2022996498594363
570.0 0.8486938944004077
570.5 0.7660286888332664
571.0 1.095194926633142
571.5 1.94754136169778
572.0 0.5741367596165734
572.5 1.0570391872911435
573.0 1.2774823348851454
573.5 0.7245685648085493
574.0 1.279845574451279
574.5 0.9187953187230706
575.0 0.8012242839675267
575.5 0.904208086848482
576.0 0.6556381620140701
576.5 1.3308470867834452
577.0 1.2649928879851193
577.5 1.1969232398948275
578.0 0.6931262044934414
578.5 1.687465320587667
579.0 1.7086342335359292
579.5 0.6809579880414884
580.0 1.397819164198829
580.5 1.295817979937886
581.0 1.861811690138452
581.5 1.4324788910205493
582.0 0.5175139048033075
582.5 1.4337093348473609
583.0 0.6231139280470501
583.5 0.7213233106360033
584.0 1.251080245469576
584.5 1.5137712023944445
585.0 0.7319937143815778
585.5 0.7030583409083752
586.0 1.333349934990597
586.5 0.6480925720922472
587.0 1.1014901772052468
587.5 0.7236311649417174
588.0 0.8469255551536977
588.5 0.49359979490284206
589.0 0.6492330441640695
589.5 0.7017874986093666
590.0 1.477589874683361
590.5 0.6335590392496752
591.0 1.669585687598674
591.5 1.1284225058016673
592.0 1.2212588379692777
592.5 0.6745222251163555
593.0 1.3974662685728423
593.5 0.7884908909148752
594.0 0.40012780277157645
594.5 1.129481096701708
595.0 0.3248431874146114
595.5 1.130534062523788
596.0 1.385116182774948
596.5 0.8809600390155283
597.0 0.9642657013596705
597.5 0.6601169616790078
598.0 1.1989561306177356
598.5 0.8140914453743759
599.0 0.9348225232038119
599.5 1.0523553172065008
600.0 0.45276647734463704
600.5 0.6924932508219701
601.0 0.9808720705541208
601.5 0.8093062753695315
602.0 1.3641868020674162
602.5 1.0491281902588612
603.0 0.8100767404156459
603.5 0.7855980408136218
604.0 1.1303577855588327
604.5 0.8417147251113849
605.0 1.600075250231093
605.5 1.0743498298936207
606.0 1.3623189296155518
606.5 0.5424715949083592
607.0 0.5106845884942302
607.5 0.9167581944355035
608.0 0.664657484452153
608.5 1.04869913053582
609.0 0.6667890516510475
609.5 0.7550213390662279
610.0 0.7865094007651139
610.5 0.7922879854477114
611.0 1.0065270103102417
611.5 1.1425146240431125
612.0 0.9339468657328539
612.5 0.8243047984097914
613.0 0.7564449035512897
613.5 1.5339468026166156
614.0 0.4279950961332806
614.5 0.5517919642654424
615.0 1.3961368242657475
615.5 1.2947940156017284
616.0 0.867355874354958
616.5 0.8060175536723415
617.0 1.499533954893332
617.5 0.6414744575586862
618.0 0.7897599679542476
618.5 1.1418325668580462
619.0 1.004491824243408
619.5 0.9033618632568367
620.0 0.5141841687515216
620.5 1.0963093095377028
621.0 0.5470114212789845
621.5 0.673934247165634
622.0 0.846770706712292
622.5 1.0357597517813781
623.0 0.9047604688117828
623.5 1.2780735580528875
624.0 1.057633076532274
624.5 1.0653840227678373
625.0 0.9991290531298143
625.5 1.1615212000925634
626.0 1.4282383900154634
626.5 0.7466850282455417
627.0 0.9564195223591953
627.5 0.9783918478010708
628.0 1.2452355706562244
628.5 1.152876820975367
629.0 1.5278273579044632
629.5 1.293853027187299
630.0 1.036644629254933
630.5 1.2839986386319175
631.0 0.9583500638595758
631.5 0.8559112675913765
632.0 1.0864590463805914
632.5 0.9047525573728532
633.0 0.7410151645560501
633.5 0.9742420311652129
634.0 0.33958089950981507
634.5 1.033819513934389
635.0 1.3038066660213532
635.5 1.0015176455614907
636.0 0.7911863829724516
636.5 0.8624410366733275
637.0 0.44876285969220364
637.5 0.4312863441765826
638.0 1.2501919613693848
638.5 0.7558559591924924
639.0 1.1906304446791034
639.5 1.1893047477745742
640.0 1.78492647719687
640.5 0.5562590431406415
641.0 0.7653076284092835
641.5 1.4035394256605067
642.0 1.4210575350323413
642.5 1.4136548982466453
643.0 1.1891102806688032
643.5 1.0272790808276868
644.0 1.3468600787075453
644.5 1.3684546028223905
645.0 0.5922651301144595
645.5 0.8889695794966368
646.0 1.4253860055819132
646.5 0.61804292462569
647.0 0.745980070669391
647.5 0.6470545811765737
648.0 0.2995737387157448
648.5 1.305895191589218
649.0 0.8733294103025856
649.5 1.2325106010973852
650.0 1.4955995486236162
650.5 1.0196147531626338
651.0 0.4890055436665424
651.5 1.7444031965040838
652.0 0.9026111628925898
652.5 0.7790329666141893
653.0 0.6855499057409657
653.5 0.6615144183740334
654.0 1.1771404176867355
654.5 1.3443673546638988
655.0 0.8507939332723107
655.5 0.7763558737563399
656.0 0.8992107169698442
656.5 0.7891968934705547
657.0 0.5205261549566239
657.5 0.605291336584993
658.0 1.152331097157786
658.5 1.4767630097430566
659.0 1.4621465369951125
659.5 0.8423451102343892
660.0 0.617374657466379
660.5 1.2169400306092069
661.0 0.9785048034442971
661.5 0.5701810939611981
662.0 1.2661356733006444
662.5 1.299760837481725
663.0 1.5925913551748891
663.5 0.6730605064237154
664.0 1.1511734729870469
664.5 1.3045244736604067
665.0 0.7779575291258168
665.5 1.6565696892534238
666.0 1.8028149617660323
666.5 0.8467069422344944
667.0 1.168157531103023
667.5 1.0836558920356727
668.0 0.5570594075751778
668.5 0.9124954343958405
669.0 1.0464899074125125
669.5 1.2220469369264184
670.0 0.9851249184353585
670.5 0.6429228419380679
671.0 1.6339389100107997
671.5 0.7833094788328738
672.0 1.050972348732295
672.5 1.0079794201827283
673.0 0.7842425401895808
673.5 0.8052964800860369
674.0 1.3172043745822362
674.5 1.0687425996365865
675.0 1.2863987512136026
675.5 0.7926825706748358
676.0 1.325522600438798
676.5 1.511042009005128
677.0 1.1037512132812872
677.5 1.3204714003721518
678.0 0.946946483173825
678.5 1.150191884798808
679.0 1.3751658425966302
679.5 1.1455928896214913
680.0 1.1962710927149574
680.5 0.6381139017523023
681.0 0.6683168282568399
681.5 1.079261631004963
682.0 1.074672600942566
682.5 2.1117851408723407
683.0 0.8828035822312507
683.5 0.6215711307872054
684.0 1.2237241581979559
684.5 0.8902432147186868
685.0 0.873521349446263
685.5 1.5716379564817151
686.0 0.5226651662381814
686.5 0.48259792360512377
687.0 1.038613904979754
687.5 0.6020228891983304
688.0 0.535815899522176
688.5 0.8695346758181813
689.0 0.9555858071620378
689.5 1.4934224158717173
690.0 1.5184439100069484
690.5 1.1527367121078487
691.0 0.6901985209141739
691.5 0.8811556201844803
692.0 1.8089802240771453
692.5 0.8158807822121463
693.0 1.0744948236840426
693.5 1.0468117514812825
694.0 1.0564107738269872
694.5 1.0991204210638483
695.0 1.1098556608632375
695.5 1.312877692508625
696.0 0.7302736554171974
696.5 0.7562347334450408
697.0 0.5520380792215014
697.5 1.8171515190878371
698.0 1.840004494979583
698.5 0.8998178102855741
699.0 0.8252146923400092
699.5 0.812884018590332
700.0 1.4671918442904257
700.5 0.8643611598496759
701.0 1.0440639738466533
701.5 1.201540137420852
702.0 1.2382857025084015
702.5 0.9652963812551353
703.0 0.9101579642649433
703.5 0.7388620363639433
704.0 0.6575960942620632
704.5 0.9629773604422109
705.0 0.8117470929589796
705.5 1.49460627890417
706.0 0.8104893719570165
706.5 1.0208700777855864
707.0 0.8727948030442985
707.5 0.4976897526947759
708.0 0.970874015432751
708.5 0.901439596003561
709.0 0.659583471163439
709.5 1.2882589595792742
710.0 0.7398010790739389
710.5 0.4078361745244927
711.0 1.4093383404571809
711.5 2.049340593833027
712.0 0.9383067224665367
712.5 0.7919217873569371
713.0 1.2283370895511454
713.5 0.6297316770730165
714.0 1.1283174687424191
714.5 1.0612793442507806
715.0 1.1217451109616223
715.5 1.133121528020666
716.0 0.6759907258852509
716.5 0.82503024867011
717.0 0.8599909215130778
717.5 0.7303716580750157
718.0 1.2836746669021508
718.5 1.378398577209074
719.0 0.34869796008443366
719.5 0.7302629292710012
720.0 0.9559458173980238
720.5 0.7353769146350009
721.0 0.7833675842356755
721.5 1.0829469199083723
722.0 0.6390456862618165
722.5 0.7570445314921739
723.0 0.907704043965968
723.5 0.8696708655234744
724.0 1.506808294365396
724.5 0.9803509132957113
725.0 1.2098858824894263
725.5 0.702435134697045
726.0 0.7560944971080887
726.5 0.7443172813072335
727.0 0.627825419578613
727.5 1.0405349550127978
728.0 1.3909443773192613
728.5 1.1857946648293867
729.0 1.2067884746419952
729.5 1.1464360361151034
730.0 0.9861646199827132
730.5 1.0542420693412646
731.0 1.0163021430058596
731.5 1.2594549786443257
732.0 1.5789031869579446
732.5 0.8631044941074245
733.0 0.9999374769180852
733.5 0.9488565618417593
734.0 1.3288029193355135
734.5 0.5343194454771805
735.0 1.6948547951052588
735.5 0.682497708353353
736.0 1.7193372822231887
736.5 1.853832367825138
737.0 0.29307472311202143
737.5 0.7114810102647404
738.0 1.175089853260996
738.5 1.23286759648742
739.0 0.951439999194926
739.5 0.7842462166174753
740.0 0.8042818491964616
740.5 1.2834744399412656
741.0 0.7877249527925118
741.5 1.2423295527306948
742.0 0.6460491596922171
742.5 2.3842174663586713
743.0 0.6825968613185911
743.5 0.7301268067659347
744.0 0.8949810914816452
744.5 0.544916739999649
745.0 0.8247198759903434
745.5 0.9848226384447567
746.0 0.9911208303007005
746.5 1.3135556302108522
747.0 0.28125989066006807
747.5 1.0190167232945369
748.0 0.7396047754770924
748.5 0.9680386161408365
749.0 0.5730317333878826
749.5 0.8994277435865058
750.0 1.097318913663455
750.5 1.1262847813890484
751.0 0.796334318278662
751.5 0.9990262942266867
752.0 0.7599383211178915
752.5 1.6444779027871514
753.0 0.6253151123473413
753.5 0.8099779034044104
754.0 1.2114212678005334
754.5 0.8008739849407067
755.0 0.8255688368977897
755.5 0.8531805239200053
756.0 0.7269949541077894
756.5 0.7396719666278506
757.0 0.8991241263470557
757.5 0.2
758.0 0.5794271369173398
758.5 1.9335379653268405
759.0 1.2483444916808981
759.5 0.7507227264867218
760.0 0.8777452489566467
760.5 0.9964651126907756
761.0 1.3266776980432038
761.5 2.154145633117688
762.0 0.6820201862060008
762.5 0.8963118198257817
763.0 0.9167290877071836
763.5 0.34021502901785194
764.0 0.950413272828641
764.5 1.0096167342213778
765.0 1.2070374048463757
765.5 0.8279336232382497
766.0 1.2211823022256976
766.5 0.6546983278735861
767.0 0.6222812449711599
767.5 1.146490387682902
768.0 0.6399579049488666
768.5 0.9467544641910108
769.0 0.9811111410141016
769.5 0.8474249058300046
770.0 0.4609798131369667
770.5 0.9026625295976904
771.0 1.0977479580745002
771.5 0.7867212892007543
772.0 0.9253981583866164
772.5 0.8955009878357366
773.0 0.3114741494009393
773.5 0.8039227830642129
774.0 1.740064665162103
774.5 0.6136128854414468
775.0 1.536755486936572
775.5 1.5725680715166768
776.0 0.9455541285310526
776.5 0.9744449070841066
777.0 0.707214273906049
777.5 1.0619507737828187
778.0 0.8148979564220475
778.5 0.948211746478819
779.0 0.6509313749086704
779.5 0.39436735900998704
780.0 0.22267188298471685
780.5 1.1910302051910415
781.0 1.1238760892271618
781.5 0.918626634720986
782.0 0.5462511434513835
782.5 1.1328919690748194
783.0 1.2259520697843072
783.5 0.9546152135591761
784.0 1.1248915277961429
784.5 0.7547464400586444
785.0 1.2329010385899029
785.5 1.306676495025913
786.0 1.142247290552615
786.5 0.8412629391588852
787.0 0.9052077291168716
787.5 0.8361813032704806
788.0 0.8263697117352037
788.5 0.698736274719071
789.0 1.0914294641607425
789.5 0.7698005951616802
790.0 0.8863660532200508
790.5 1.2660042182896025
791.0 1.0865226095380742
791.5 1.041540920272048
792.0 1.1079419178985281
792.5 0.7039711143727545
793.0 0.7010511311354233
793.5 0.7774040844049245
794.0 0.6938506999482258
794.5 1.4222458343329154
795.0 1.4278933392234978
795.5 1.2958611453991355
796.0 0.6841954390627222
796.5 0.5921237559474665
797.0 0.9567619203321687
797.5 1.2010172883036923
798.0 0.7827023466409158
798.5 1.0047276754858672
799.0 0.9907940850467802
799.5 1.7512549389632959
800.0 1.0422712084943129
800.5 1.3331035777155666
801.0 0.72108245636869
801.5 0.7963681671312839
802.0 0.8526834560712147
802.5 0.30498079973981596
803.0 0.8597584837197713
803.5 1.1613146275754316
804.0 0.5826003329743006
804.5 1.8795765031578235
805.0 1.4921078930758598
805.5 0.9029178970596987
806.0 1.048375487991408
806.5 0.5355347413059801
807.0 0.9026244670898376
807.5 0.6500278563195072
808.0 0.8023832486027515
808.5 1.6369296929442787
809.0 0.5636827475269363
809.5 1.084018848553807
810.0 1.0698102001992775
810.5 0.9636727484262482
811.0 1.2034209711255115
811.5 1.2108012134720103
812.0 1.663081528270821
812.5 2.2768623718813275
813.0 0.9442395055239718
813.5 1.0016420952656495
814.0 0.6070431736129113
814.5 0.7289966354821096
815.0 1.0577700996868629
815.5 0.6049524018336067
816.0 0.6347900366644873
816.5 0.6079445909911663
817.0 1.3940749894816022
817.5 1.1100017961131852
818.0 0.6952092766980676
818.5 1.2736723785295232
819.0 1.355498162963983
819.5 0.5421344380983526
820.0 0.937013563278899
820.5 1.0588494815955738
821.0 1.0437085302942934
821.5 0.9300982080725414
822.0 1.4025220485618999
822.5 1.7229354139185888
823.0 0.6852615228033813
823.5 1.8901112569874212
824.0 0.8876912117568563
824.5 1.011950939797963
825.0 1.5104999153144343
825.5 1.2784778719467107
826.0 0.8262563797620821
826.5 1.455019887446947
827.0 1.4773751886643423
827.5 0.5879888571231653
828.0 1.3775853609061652
828.5 0.7026833962317337
829.0 1.157861863190659
829.5 1.1026430739831894
830.0 0.9952007331728772
830.5 0.5604623536251281
831.0 0.6378116970591629
831.5 1.0091831902741788
832.0 0.7130242328947827
832.5 0.9701714667592961
833.0 0.32638055482753237
833.5 1.0365500954957931
834.0 0.7748417360295436
834.5 1.1965930256059756
835.0 0.914479411667992
835.5 0.6725443796295121
836.0 1.2260407452692137
836.5 0.6257319453084673
837.0 0.6655481005199388
837.5 1.2247393155932103
838.0 0.39930219448031656
838.5 0.9365477301634996
839.0 0.7779898995764499
839.5 0.9227542592147908
840.0 1.0876100019974202
840.5 1.3922953720201616
841.0 1.0899383288356654
841.5 1.0932285226789278
842.0 0.9715418089197765
842.5 1.8111202756375304
843.0 1.1473836761056684
843.5 1.026838788192315
844.0 0.7484895474023703
844.5 1.540485193470695
845.0 1.3562504402409625
845.5 0.33650643171568195
846.0 0.5587003494074081
846.5 1.1424492097202927
847.0 0.938840891028491
847.5 0.9073994413394456
848.0 0.792454532418076
848.5 0.8145062003615066
849.0 0.6180254035200142
849.5 1.603056400191866
850.0 0.8199622271427156
850.5 0.70194198274482
851.0 0.9589275118906151
851.5 1.4666327117912377
852.0 0.5038283940375707
852.5 1.3136738501445464
853.0 0.7822711375472351
853.5 1.4506880343983557
854.0 0.9389744180957107
854.5 0.8854354680990623
855.0 0.7211421769367312
855.5 0.8919345233489675
856.0 0.6017740892844402
856.5 1.0834030741511693
857.0 1.7549338313878278
857.5 0.5197021490580194
858.0 0.6436851653628203
858.5 0.6484713090841875
859.0 0.47330055364348284
859.5 0.9964792344488587
860.0 0.950150122873389
860.5 1.1640004789939824
861.0 0.731840311279446
861.5 0.7302801543840773
862.0 1.4860399665844901
862.5 0.741581467307888
863.0 1.0645237115512773
863.5 0.6257682282694987
864.0 0.2
864.5 0.6180529400558653
865.0 0.395726888920669
865.5 0.8389045546820506
866.0 0.8501554058669305
866.5 1.2155778784376388
867.0 0.8352955649122973
867.5 1.2889830299831684
868.0 1.2763851360131184
868.5 0.9734726231123829
869.0 0.9381739912873396
869.5 0.9430368780995706
870.0 0.8689883434493026
870.5 0.7479482219704363
871.0 0.7062127776887328
871.5 1.8459808921045378
872.0 0.4834657511756947
872.5 1.439586184898284
873.0 1.5038623587984052
873.5 0.747996369035723
874.0 0.9992829898030231
874.5 0.6774417449026564
875.0 1.5852883291250852
875.5 0.9642847526171296
876.0 0.6502373025958219
876.5 0.8959712477993108
877.0 0.6483538261823804
877.5 1.6035868756336642
878.0 0.5608939641381244
878.5 1.1078062853876187
879.0 0.8105394267253458
879.5 1.1896591555296365
880.0 0.715247548317318
880.5 0.8436055333981444
881.0 0.9310549736095372
881.5 0.8254298869106129
882.0 1.678558082281282
882.5 0.8426448675925077
883.0 1.0309890485407829
883.5 1.3698228149568727
884.0 1.0778909662522853
884.5 1.3875072066704246
885.0 2.03627467740097
885.5 0.7503759404046282
886.0 1.4466853998836398
886.5 1.2109949884575855
887.0 1.0073488238716655
887.5 1.1267360187206092
888.0 0.8915328125555009
888.5 1.4381993325055467
889.0 1.03262049936678
889.5 0.7749136228770638
890.0 1.3016220135830847
890.5 0.7682329976323288
891.0 0.6183402435954558
891.5 1.264561702207324
892.0 1.196040357653851
892.5 1.144567524665901
893.0 1.2058936232056952
893.5 0.41290613374991303
894.0 1.5285492171167752
894.5 0.8389428024000578
895.0 0.7543416988502745
895.5 0.6075864165299182
896.0 1.0486529276856011
896.5 1.1488522932433916
897.0 0.8408086852042067
897.5 0.9246280515569364
898.0 1.069254946430285
898.5 0.9984642695125728
899.0 1.359800711135562
899.5 0.8310598982417668
900.0 0.8877346080415178
900.5 0.9568031295264342
901.0 0.628528111362043
901.5 1.108219402251615
902.0 1.322504051941082
902.5 1.6683674413755623
903.0 1.1271569795453518
903.5 1.4508159432834646
904.0 1.3566061032542849
904.5 1.4852424656163614
905.0 0.5702870798414786
905.5 0.6181619192672081
906.0 0.6552955714400418
906.5 1.161141951416115
907.0 0.9072112406381672
907.5 0.8153566532670591
908.0 0.3990415335516466
908.5 0.7749306574569015
909.0 1.0047418816326683
909.5 0.6958215479115148
910.0 0.7784104485148087
910.5 1.4448457254739684
911.0 0.8368290561666628
911.5 0.5738839107801389
912.0 0.7317610059042333
912.5 1.2532598713960725
913.0 0.6472150242489754
913.5 0.9351625447754315
914.0 0.5441625969249333
914.5 0.7848302114659259
915.0 0.5971753844849553
915.5 0.3795067091148655
916.0 1.127575735454081
916.5 0.717753509023747
917.0 0.8732167943102689
917.5 0.50429569850006
918.0 0.786261133435128
918.5 0.9536539759423746
919.0 0.8806922281540479
919.5 0.6049791087187485
920.0 1.5958992578871736
920.5 0.7515288767940915
921.0 1.00613920425693
921.5 0.770883099359159
922.0 0.7609596257993556
922.5 1.2385196334003883
923.0 1.3219986534677788
923.5 1.4047455019878154
924.0 0.5312736431750913
924.5 0.9950265065526502
925.0 1.0809116391712092
925.5 1.255599874813882
926.0 1.8028756050829813
926.5 0.9453830818185234
927.0 1.079667948075513
927.5 1.2298585161297526
928.0 0.7968822586198163
928.5 0.45031820208154927
929.0 0.9221072824650328
929.5 0.7727151205196281
930.0 0.8257715702539794
930.5 0.816038871257986
931.0 0.7755289771262655
931.5 0.844813962191354
932.0 0.4944517388355603
932.5 0.8676505106882746
933.0 0.9717887370608742
933.5 1.2051474940634013
934.0 1.669088349832518
934.5 0.8316908626518019
935.0 1.0690567597440963
935.5 1.1537344498669895
936.0 1.6056383970111403
936.5 1.51709043635012
937.0 1.017594994359053
937.5 1.224082540558624
938.0 0.9544864850759507
938.5 1.246107138771766
939.0 0.9154033121330593
939.5 1.0509968792179416
940.0 0.7595329261994141
940.5 0.7018063508791932
941.0 0.7046218652365441
941.5 0.4623229832989446
942.0 0.6007722242473827
942.5 1.6356048962338763
943.0 0.9042277592524963
943.5 1.0319726432827807
944.0 1.0638385201035108
944.5 0.6529733322076539
945.0 0.9208004931041113
945.5 0.9135655619712707
946.0 1.0666460147947665
946.5 0.6317035435801137
947.0 0.6901531192570354
947.5 1.8096379473514892
948.0 0.8949711083572067
948.5 1.4774975896651972
949.0 0.9430839600796652
949.5 1.0477093452710542
950.0 1.066677524459291
950.5 0.640560978730671
951.0 0.7876626589848348
951.5 1.3141861106667552
952.0 0.7610767677886234
952.5 0.7527943662024668
953.0 1.1106908684846415
953.5 1.517242877661134
954.0 0.94565355142655
954.5 1.253217892243982
955.0 0.6186817641148821
955.5 1.3458252705938722
956.0 0.8969463307201566
956.5 0.4020348744099177
957.0 0.888389236177785
957.5 1.1653423474490268
958.0 0.37322563502762607
958.5 1.2588420259385202
959.0 1.080051841332653
959.5 1.442129984131459
960.0 0.6491442039941969
960.5 1.9985402532988163
961.0 1.725945385917461
961.5 0.892755651518379
962.0 1.431202352587563
962.5 1.0808658315614215
963.0 1.2028044549702153
963.5 0.9000815880181556
964.0 0.5853607056848253
964.5 0.7366938230810429
965.0 0.6960064363115371
965.5 1.2721128678647604
966.0 1.1749341489607619
966.5 1.0670418391308014
967.0 1.0098508937059827
967.5 0.9026584571943197
968.0 1.0427291621512764
968.5 0.7245522157402304
969.0 0.8000147057763378
969.5 1.091610002965769
970.0 1.001217026555933
970.5 0.9325102142036995
971.0 1.2681290480600014
971.5 0.7834173421149512
972.0 0.7891291709907227
972.5 0.7627908610653598
973.0 0.9564041617845608
973.5 0.8089869027698435
974.0 1.325189034779736
974.5 1.1292803314166107
975.0 1.0205333468668085
975.5 1.0420039363141411
976.0 0.8812583051498291
976.5 0.8372603392293996
977.0 1.2802955248324757
977.5 0.95293814864727
978.0 0.994610894484172
978.5 0.9379895625380575
979.0 0.7747943714168909
979.5 1.0006010578651048
980.0 0.8699686863090987
980.5 0.6454505665257398
981.0 0.9078035916694037
981.5 0.6647746368395997
982.0 1.216410313848205
982.5 1.8239922835551776
983.0 1.19722448194538
983.5 0.7125893473060232
984.0 1.6321301164916941
984.5 0.6957176190655568
985.0 1.091087811750655
985.5 0.748474701399648
986.0 0.8904092538125525
986.5 0.902234874725099
987.0 1.1201252240276678
987.5 0.4768882903559537
988.0 0.7551366118399494
988.5 0.9931545378588301
989.0 1.1788421410808072
989.5 0.8473589272256487
990.0 1.3067120668281778
990.5 1.7711314719861302
991.0 1.0118213179739155
991.5 0.7756616623338226
992.0 0.5436567057004053
992.5 1.238708766307111
993.0 0.5675235736662285
993.5 1.4071411953979962
994.0 1.94279963665065
994.5 1.1068135447014242
995.0 0.8714553022905036
995.5 0.5469369176402121
996.0 1.2218020300963364
996.5 1.177224458533729
997.0 0.8442003172321844
997.5 0.9565624089634985
998.0 0.7589001073522776
998.5 0.8006554237167742
999.0 1.14733358226268
999.5 1.003707044555826
1000.0 1.152181803610219
1000.5 0.9290793163934393
1001.0 1.1814904470711145
1001.5 1.0705897003388807
1002.0 0.8318563756222028
1002.5 1.0829730562995719
1003.0 1.331764179735111
1003.5 0.5931363533109368
1004.0 1.3121070329466655
1004.5 1.837508698740145
1005.0 0.683061204593902
1005.5 0.6280697090768814
1006.0 0.6904692125695124
1006.5 0.7873227911481473
1007.0 1.259254671024249
1007.5 0.649402778176363
1008.0 0.8598431120821889
1008.5 0.899446990014695
1009.0 0.5397304721276183
1009.5 1.2370931393761477
1010.0 1.187665740401886
1010.5 1.4060028256104573
1011.0 1.1228222710642295
1011.5 0.7854966840029327
1012.0 0.8421587238223462
1012.5 1.0349682404371787
1013.0 0.6681182834637881
1013.5 1.1134024609271758
1014.0 0.7545331004137099
1014.5 1.0911102466180873
1015.0 0.8323136484068905
1015.5 1.2359059107689165
1016.0 1.1439434424938355
1016.5 0.8846736628136449
1017.0 1.258681987198187
1017.5 1.094712267454673
1018.0 0.829902631879489
1018.5 0.9584089379723697
1019.0 0.9799549471732735
1019.5 0.6515494150665748
1020.0 1.1432071857467916
1020.5 0.9057339731340968
1021.0 1.1382024278005434
1021.5 0.9777802778260217
1022.0 0.6151326661490156
1022.5 1.742715760066468
1023.0 0.8587053306510997
1023.5 1.6272416860661338
1024.0 0.7783150977025082
1024.5 0.9781862442231974
1025.0 1.0403787564084532
1025.5 1.4161576556311946
1026.0 1.0158275555008358
1026.5 1.1452585686532335
1027.0 0.9791153642224883
1027.5 1.4757436259859484
1028.0 0.6799745220863207
1028.5 0.7455847445229905
1029.0 1.1247700402782417
1029.5 2.0289917516280367
1030.0 1.139827639463996
1030.5 0.9955969418325946
1031.0 1.1750017204049579
1031.5 0.959285221457962
1032.0 1.037807762816397
1032.5 1.8263858592691573
1033.0 0.9775630406217989
1033.5 1.5114062305647673
1034.0 1.183077199331334
1034.5 1.468770064583349
1035.0 0.7622964421022754
1035.5 0.494275578261923
1036.0 0.6540480120815548
1036.5 0.6373332628145411
1037.0 0.3589014595081266
1037.5 0.7561723108439687
1038.0 0.9142384929294358
1038.5 1.5167965404287593
1039.0 1.1490547103381232
1039.5 0.9419791287853654
1040.0 1.1822809562960492
1040.5 1.0467567808031073
1041.0 1.1118958152961695
1041.5 1.109385933756275
1042.0 0.9571709885752243
1042.5 1.9432213718521911
1043.0 1.251252311211735
1043.5 0.7674747543501123
1044.0 1.4729845211888022
1044.5 0.8347007310768246
1045.0 0.6098644961112374
1045.5 0.7058501338200179
1046.0 0.8586809868160338
1046.5 1.6766857525217977
1047.0 1.1627428013388126
1047.5 1.2128841272355078
1048.0 1.7616679309801526
1048.5 1.2293698438545073
1049.0 0.8839651852988382
1049.5 1.1478620458533983
1050.0 0.924214609870919
1050.5 0.9832341857973024
1051.0 0.884608349334385
1051.5 0.8216715325657946
1052.0 1.0554346740422704
1052.5 0.8005869605499324
1053.0 0.7041115399902587
1053.5 0.868240922273586
1054.0 0.7799909474631881
1054.5 1.5128208170773672
1055.0 0.7401580880591083
1055.5 1.4615582279662651
1056.0 0.6647943199397532
1056.5 1.0248250018539493
1057.0 1.396577632877907
1057.5 1.1057644533682893
1058.0 0.8667057317187418
1058.5 0.9091726198996648
1059.0 0.8164019750992682
1059.5 0.5079545064929281
1060.0 1.0269653586055587
1060.5 0.9062236924718767
1061.0 0.6164908031790661
1061.5 0.9304694661604386
1062.0 1.2038600521189244
1062.5 1.0660623944897116
1063.0 1.3068441925051542
1063.5 0.887368036912584
1064.0 0.3873193232135598
1064.5 0.6805787816270681
1065.0 1.5275871031820216
1065.5 0.6833738238532616
1066.0 0.2667656253527231
1066.5 1.7865411247404754
1067.0 0.5009524718611237
1067.5 0.9817592826399185
1068.0 0.9615488455477245
1068.5 0.5119877848031164
1069.0 0.9361829272085498
1069.5 0.38409863827582846
1070.0 0.963796998460419
1070.5 1.3939238878066345
1071.0 0.6502510069307712
1071.5 0.850045436830235
1072.0 0.7433582494266865
1072.5 1.2352601309312043
1073.0 0.8208740682253958
1073.5 0.8572755308709394
1074.0 0.4594837373811541
1074.5 1.0497956106750186
1075.0 0.8026085810248138
1075.5 0.994791287878942
1076.0 0.8235191078263897
1076.5 0.9173673990395614
1077.0 0.2
1077.5 1.223698033634951
1078.0 0.885277155697494
1078.5 0.5894292685273336
1079.0 1.4091821475247106
1079.5 1.2597210314112743
1080.0 0.9833772080806965
1080.5 0.7959853997673968
1081.0 1.3648673996069878
1081.5 0.6896983348082824
1082.0 0.7798223040938317
1082.5 1.1719414616285357
1083.0 0.8516246379778454
1083.5 0.6394861926290056
1084.0 1.296235993445412
1084.5 0.7531752759420598
1085.0 1.2328325848275417
1085.5 1.0164123968102319
1086.0 1.2147550700514365
1086.5 1.0333400856519606
1087.0 1.479491727299219
1087.5 0.9364828741036826
1088.0 1.0983362835603245
1088.5 0.6871660733905736
1089.0 0.7909312788754082
1089.5 0.44412274206905367
1090.0 1.0614707208144127
1090.5 0.7969951324558492
1091.0 0.4072542691524661
1091.5 1.9673502692696396
1092.0 1.7937556254392097
1092.5 1.2570565900376431
1093.0 1.1088001792424362
1093.5 0.6088312349386044
1094.0 0.7915007455193138
1094.5 1.15806007393159
1095.0 0.6948593112590863
1095.5 0.5354314612341127
1096.0 0.8111622949878581
1096.5 0.5213320820107782
1097.0 1.0062261812979716
1097.5 0.6695536175486427
1098.0 0.9645214514180709
1098.5 1.9208646757440766
1099.0 0.8700382615008724
1099.5 1.3628992902194792
1100.0 1.866592916249163
1100.5 0.7493148324351495
1101.0 1.0185229680121357
1101.5 0.5094185939322864
1102.0 0.8961239224514771
1102.5 2.138284898333593
1103.0 0.7813190353032398
1103.5 1.0264624802237337
1104.0 0.8206963967317457
1104.5 0.5994045338550554
1105.0 0.7071166638675611
1105.5 0.847469634957931
1106.0 0.8795867780226035
1106.5 0.7885359168912114
1107.0 0.6453706770014939
1107.5 0.2208326891324489
1108.0 1.4759760096502155
1108.5 0.9314865042660017
1109.0 1.3498654572496382
1109.5 1.2629496160973464
1110.0 0.8182421719624933
1110.5 0.4703826560122498
1111.0 1.1664945639599855
1111.5 0.9037357524238474
1112.0 0.8680710030931605
1112.5 0.9555739085178716
1113.0 0.9100179677700732
1113.5 0.912979660516145
1114.0 1.4167911992679034
1114.5 0.664382709132867
1115.0 1.5180032893352147
1115.5 1.738773227038775
1116.0 0.956477194153535
1116.5 0.5537168960124974
1117.0 1.4069888103406445
1117.5 0.6549364403625356
1118.0 0.6630283439266623
1118.5 1.2178971477836344
1119.0 1.0987087075700743
1119.5 0.526207326233343
1120.0 0.6631463385087216
1120.5 0.2
1121.0 1.0376043539697193
1121.5 0.870770229333445
1122.0 1.122799878319766
1122.5 0.8001503618891046
1123.0 0.5065758697893888
1123.5 0.7480119830939937
1124.0 0.8669549210102383
1124.5 0.9220043267724091
1125.0 1.0815699100368672
1125.5 0.9215929019260095
1126.0 1.0596459602323427
1126.5 0.799710744766438
1127.0 1.2701230790844067
1127.5 1.0753473013474628
1128.0 0.839236067805955
1128.5 0.8673220995592996
1129.0 0.7151656737411891
1129.5 1.3874245288211497
1130.0 0.778776718679795
1130.5 1.1304564563843575
1131.0 0.2
1131.5 0.6437132024655162
1132.0 0.7258863077434909
1132.5 0.790733132843058
1133.0 0.6125617874901128
1133.5 0.6012344096195973
1134.0 1.302260575483428
1134.5 1.140557037344169
1135.0 0.7588156637174718
1135.5 1.4243589034667492
1136.0 1.0179095472445585
1136.5 0.9331021653312334
1137.0 0.9301460524558751
1137.5 1.160117133887745
1138.0 1.6079810021733856
1138.5 0.9280748449912435
1139.0 1.5625329073241314
1139.5 0.8074488920424499
1140.0 0.6854856525162938
1140.5 0.7942453695793094
1141.0 1.275180827916933
1141.5 1.1696626249454498
1142.0 0.8156998005578526
1142.5 0.9490216019450991
1143.0 0.8440246421421058
1143.5 0.8758581470157785
1144.0 0.9272357999217443
1144.5 1.8246810790374788
1145.0 1.4790540567698671
1145.5 1.1394973163646847
1146.0 1.1108875760324475
1146.5 0.6699347854056985
1147.0 0.841702907254409
1147.5 0.9190152953364035
1148.0 1.111997875371571
1148.5 1.2335088088367523
1149.0 0.78677621120624
1149.5 1.200243939050545
1150.0 1.3743328931935173
1150.5 0.640847247151484
1151.0 0.8643483180540821
1151.5 0.8653909302661305
1152.0 0.6534758122832296
1152.5 1.0779086306410397
1153.0 1.0211971456696265
1153.5 0.745315091864808
1154.0 1.3112495761046103
1154.5 0.4320149491967821
1155.0 0.7751797578312543
1155.5 0.9091830063051216
1156.0 0.7027100435454401
1156.5 0.9266587232782014
1157.0 1.537666740886562
1157.5 1.4987014352123373
1158.0 1.1523669360401476
1158.5 0.7726437041410499
1159.0 0.6043873863928368
1159.5 0.81028165319106
1160.0 1.0349484382284955
1160.5 0.9576955170390234
1161.0 0.7615575264745329
1161.5 1.5121293278097454
1162.0 0.5857028486385899
1162.5 1.1347155250935455
1163.0 1.2009974677510606
1163.5 1.2833841165576068
1164.0 0.3008086614398192
1164.5 1.277121031004643
1165.0 1.7249472290968062
1165.5 0.9089646935825954
1166.0 0.6501734405547152
1166.5 1.139245779575707
1167.0 0.848812227276654
1167.5 1.0606417095224654
1168.0 1.2867172963887779
1168.5 1.1350220038848
1169.0 0.9174910414261419
1169.5 1.8034997150115357
1170.0 1.2457930510611903
1170.5 0.6553898954463626
1171.0 0.6690780751823675
1171.5 0.8763741005383296
1172.0 0.6323743359690723
1172.5 1.3817752823012799
1173.0 1.1264007034715369
1173.5 0.9218911944709869
1174.0 1.6863933397900732
1174.5 0.6264068019013382
1175.0 1.2980479094664812
1175.5 0.8796664965062709
1176.0 1.0487671568926116
1176.5 1.1049216862469051
1177.0 0.39255573092416085
1177.5 1.2658638484168514
1178.0 0.8351271649447678
1178.5 0.792783601637906
1179.0 0.2
1179.5 1.1995677895286398
1180.0 0.7140767704822124
1180.5 0.27508927800967375
1181.0 1.7050971487190005
1181.5 1.2164536190013564
1182.0 0.5173973010546689
1182.5 0.5697127605301865
1183.0 0.7381998879458926
1183.5 1.105749401828557
1184.0 0.5333523402835779
1184.5 0.7607367067986388
1185.0 0.6617585877970358
1185.5 1.5105246012988642
1186.0 0.9128553592537637
1186.5 1.085986681229393
1187.0 0.7588380801037239
1187.5 0.34970358442689387
1188.0 0.743379483046556
1188.5 1.2188784406476891
1189.0 1.0657120382053398
1189.5 1.333898779945476
1190.0 0.8264348847094395
1190.5 0.7124802370636065
1191.0 1.1628741522896107
1191.5 1.2650573851391251
1192.0 1.0476864109782533
1192.5 0.9183327960734842
1193.0 0.933335911668902
1193.5 0.943808774602262
1194.0 0.6178526138072533
1194.5 0.6033330533715856
1195.0 1.3441755316107906
1195.5 1.3198653483409761
1196.0 0.48029969908400616
1196.5 0.7832622722448321
1197.0 0.9974164939244106
1197.5 1.0337920099326616
1198.0 0.6246036955710181
1198.5 1.102120280295433
1199.0 0.7299704876938811
1199.5 0.8798888817659061
1200.0 0.7594029202204453
1200.5 0.6131633164092958
1201.0 0.6633835353544304
1201.5 1.3911158129169867
1202.0 1.053394052704319
1202.5 0.7512699783775809
1203.0 1.0414588410267875
1203.5 2.085941194657364
1204.0 1.0792458889294525
1204.5 0.27105856954488305
1205.0 1.1704008374255903
1205.5 1.257350069991035
1206.0 1.2911819485960503
1206.5 1.5931927968206603
1207.0 2.0990336478861655
1207.5 0.7679436731383036
1208.0 1.6683932565745194
1208.5 1.400357257416521
1209.0 0.9593722261246491
1209.5 1.281096013966461
1210.0 1.1585669047884641
1210.5 1.1528927630459882
1211.0 0.8508225603272708
1211.5 0.7042641428879926
1212.0 0.6205588231746682
1212.5 0.9120530805290412
1213.0 0.6270371474041165
1213.5 0.7688472308155494
1214.0 0.5550967124875803
1214.5 0.801503128286571
1215.0 0.6775084042855802
1215.5 0.48757576808513914
1216.0 1.483847981956631
1216.5 0.7123002289377007
1217.0 0.9010045766831183
1217.5 1.912943468905632
1218.0 1.0558815605146674
1218.5 0.9949468908792481
1219.0 1.0133331157511902
1219.5 0.9139412461086016
1220.0 0.7723324281097782
1220.5 0.953925345261984
1221.0 0.9892724034578829
1221.5 1.338652253047246
1222.0 1.4135255173524999
1222.5 0.8236208137666841
1223.0 0.8736749533646918
1223.5 1.5651220644634476
1224.0 0.9508131811944137
1224.5 1.308229003349803
1225.0 0.8482327539742673
1225.5 0.6967958336523035
1226.0 0.716120958425748
1226.5 1.0007141222555007
1227.0 0.9329135828184512
1227.5 0.9225686163484021
1228.0 0.7244032462234042
1228.5 0.9513447405250861
1229.0 0.7393497308693355
1229.5 0.6889929438092222
1230.0 1.6783078783217977
1230.5 1.5237309837657969
1231.0 1.353694737834355
1231.5 1.4713471161859535
1232.0 0.5763286812658243
1232.5 0.8082990667494743
1233.0 0.9772874713748807
1233.5 0.7508089392292668
1234.0 0.7524079419990176
1234.5 0.5669426493906762
1235.0 0.694581734722955
1235.5 0.9707588307633571
1236.0 1.1874409999758582
1236.5 1.1331890952481114
1237.0 0.8694011320198627
1237.5 0.8188343930862338
1238.0 0.9067479534593368
1238.5 0.7280458684216431
1239.0 1.0948715102925624
1239.5 1.7909705571026935
1240.0 1.522635351737246
1240.5 1.0296201948877273
1241.0 0.7024915450272392
1241.5 0.7022094537444444
1242.0 0.8506567598197711
1242.5 0.6465518150555406
1243.0 1.0400571237591012
1243.5 0.6999911334438379
1244.0 0.7634372267850226
1244.5 1.2234420173698404
1245.0 1.470191275288315
1245.5 0.7328539911167811
1246.0 0.6834436628510921
1246.5 1.2417327954545656
1247.0 0.8462054623394833
1247.5 0.7069228984972857
1248.0 1.1132167819197663
1248.5 0.9228289383778459
1249.0 0.804400933526868
1249.5 0.8326041769416608
1250.0 1.7383506281495844
1250.5 1.105483579390227
1251.0 1.1944222718837465
1251.5 1.2131948319862724
1252.0 1.76176899823398
1252.5 0.5157205606810584
1253.0 0.6979332729592986
1253.5 0.7723074384214105
1254.0 1.2657723840272828
1254.5 0.8270724490256975
1255.0 0.9555185217295714
1255.5 1.0051921443648544
1256.0 0.9727487548711284
1256.5 0.4636798412017432
1257.0 0.8611073746259912
1257.5 1.252652602086167
1258.0 0.5281680652154936
1258.5 0.6140858633562535
1259.0 1.2319025257107534
1259.5 0.6968163219177362
1260.0 0.5902118356838492
1260.5 0.7230263271332646
1261.0 1.4354560385808388
1261.5 0.6818315202748212
1262.0 1.1671588050198647
1262.5 1.0229333961407103
1263.0 1.903523860524404
1263.5 1.1087930739722052
1264.0 0.8061906253467208
1264.5 1.0309165319176734
1265.0 0.842085521431333
1265.5 1.0109904110856842
1266.0 0.524659408844925
1266.5 1.026038294561933
1267.0 1.3792823726904881
1267.5 1.137402589356991
1268.0 1.151629021086551
1268.5 0.7086502945099951
1269.0 0.7899864994990553
1269.5 0.8703101423328046
1270.0 1.1627004177005449
1270.5 1.1721313842367698
1271.0 0.9772862572627791
1271.5 0.8729266596612643
1272.0 0.9788746148185756
1272.5 1.7462004899212613
1273.0 1.244018262298023
1273.5 0.7880158314555781
1274.0 0.2
1274.5 1.4056072500213974
1275.0 1.6117777425413857
1275.5 1.055501070315772
1276.0 0.7307386916823702
1276.5 0.6403221773679031
1277.0 0.8344364770590935
1277.5 0.9050301749306509
1278.0 1.6101086541754501
1278.5 1.3301072634929034
1279.0 1.1773635303843555
1279.5 0.585233045226685
1280.0 0.9030809400430849
1280.5 0.8327026981223491
1281.0 1.1380825187662338
1281.5 0.5492904620263699
1282.0 1.049811188137058
1282.5 0.9440988810669727
1283.0 0.8736563695525021
1283.5 1.5071468530513688
1284.0 1.029592163183949
1284.5 1.2739594892542114
1285.0 1.2023263019171524
1285.5 0.2
1286.0 1.3725054088788045
1286.5 0.6707749476849572
1287.0 0.5984214881891493
1287.5 0.2
1288.0 1.228258382339492
1288.5 1.48630025954425
1289.0 0.6236375573763441
1289.5 1.2539325014022218
1290.0 1.2861556694136134
1290.5 1.072735164534142
1291.0 1.2134318747330868
1291.5 0.8486361995911089
1292.0 0.8361277137180793
1292.5 1.5813907670516882
1293.0 1.096124241026968
1293.5 0.8983125211766088
1294.0 0.8271145306961595
1294.5 0.5242018283845062
1295.0 0.4857558944733554
1295.5 1.0136176544460591
1296.0 0.7671653591407206
1296.5 0.7873404418891702
1297.0 0.6994425818840894
1297.5 0.6496951231901046
1298.0 1.214630347943027
1298.5 1.1059433827814673
1299.0 1.2046362233859773
1299.5 0.7977753973135565
1300.0 1.1740496639975009
1300.5 0.9054947722442547
1301.0 1.2037864217925394
1301.5 0.7278869018305231
1302.0 1.0444541187053193
1302.5 1.1259827348539848
1303.0 0.9626431938156342
1303.5 1.2978143704997502
1304.0 1.2495876730662407
1304.5 0.7053041851349335
1305.0 0.8846817426194277
1305.5 1.070298214188726
1306.0 1.1809649018226225
1306.5 0.8249169987429694
1307.0 1.3952062876960798
1307.5 0.6382363172678738
1308.0 0.6500244255312551
1308.5 1.7309551667706402
1309.0 1.1954092307573414
1309.5 0.8618372242645916
1310.0 1.0210568118170213
1310.5 0.9548853183527694
1311.0 1.254828898420679
1311.5 1.1497998179268327
1312.0 1.0320956543979642
1312.5 0.9753488015204154
1313.0 1.75476374440224
1313.5 1.1277492397199986
1314.0 0.6433746725970126
1314.5 0.886762216997139
1315.0 1.2504412968602296
1315.5 1.1235248276429726
1316.0 1.4040208622306007
1316.5 1.6968275854290757
1317.0 0.797014692543329
1317.5 1.2708461602751093
1318.0 0.8269237927017653
1318.5 0.7705327325130646
1319.0 0.23848671745725503
1319.5 2.09269582435998
1320.0 1.5235736468186336
1320.5 0.7199102374406987
1321.0 1.0582472238973786
1321.5 0.9339444369995272
1322.0 1.3336594218453746
1322.5 1.905977394769378
1323.0 0.5500125648697731
1323.5 0.863427713257432
1324.0 1.550781732516843
1324.5 0.7165628180191069
1325.0 0.783356123468768
1325.5 1.0824080025777745
1326.0 0.8861263533642968
1326.5 0.4141361809511381
1327.0 1.7143451301094492
1327.5 0.731099645455304
1328.0 1.4692485059562324
1328.5 1.1069917444615416
1329.0 0.8540632591191699
1329.5 0.7539204274954111
1330.0 1.6257436768615876
1330.5 0.7781493319239661
1331.0 0.3484164831174754
1331.5 0.8599750023196635
1332.0 1.3317622425452225
1332.5 0.8032019501616496
1333.0 1.0337316653308117
1333.5 1.0349797070355922
1334.0 1.1250140503211967
1334.5 0.8297081394337046
1335.0 1.0312945089536618
1335.5 0.7610780893881385
1336.0 2.0772297933848214
1336.5 0.7499206996824619
1337.0 0.7223823965457756
1337.5 0.872985005149065
1338.0 0.9530194656350616
1338.5 0.5853437437489721
1339.0 0.365742722462325
1339.5 0.7025689166048259
1340.0 1.0975048416299742
1340.5 0.8331482587268932
1341.0 1.1610626520599052
1341.5 0.7501811379921888
1342.0 0.985463750484291
1342.5 0.8684039191984682
1343.0 0.5867082983759266
1343.5 0.8812830521294011
1344.0 1.0245004117591407
1344.5 1.3124596114129188
1345.0 1.4353458339815282
1345.5 0.801081516763431
1346.0 0.913127169097692
1346.5 0.8769599164213663
1347.0 0.9695513988644259
1347.5 1.0536067990231257
1348.0 0.5553355594428384
1348.5 0.6350476411561546
1349.0 0.6868790460965514
1349.5 1.0506929381336274
1350.0 0.4603440695604587
1350.5 1.3935402686511935
1351.0 0.9883852562242976
1351.5 1.4112392205265725
1352.0 0.7156315239037466
1352.5 0.7218188850860918
1353.0 0.646731798860706
1353.5 0.7102860672814043
1354.0 0.9601031776996556
1354.5 0.6536732309234983
1355.0 0.6706591462424476
1355.5 0.8928617682918325
1356.0 1.096694303168559
1356.5 0.5015603419696699
1357.0 1.3949428768055576
1357.5 1.3157516973208736
1358.0 0.9326636265640211
1358.5 1.2779757328057282
1359.0 1.706447284662155
1359.5 0.9057871706225242
1360.0 0.6944663207252769
1360.5 0.8310903524923139
1361.0 1.023639900412988
1361.5 0.6840293669307802
1362.0 1.2543607709506261
1362.5 1.5197534623368045
1363.0 0.6791232978743731
1363.5 1.1442552896116447
1364.0 1.2181825618188318
1364.5 0.7881242092250111
1365.0 1.6107155678179512
1365.5 0.9831958650600275
1366.0 0.9774084727921557
1366.5 1.3608526328160586
1367.0 0.9125620187659661
1367.5 0.9286523021762658
1368.0 1.0394202716647518
1368.5 1.1500349273050503
1369.0 1.2695554029328568
1369.5 0.8926725472075945
1370.0 1.4032088751469507
1370.5 1.2594754979639802
1371.0 1.214274108242773
1371.5 0.8153436212317072
1372.0 1.5676906374026065
1372.5 0.8432100513851043
1373.0 1.305803770684931
1373.5 0.7313918731839888
1374.0 1.311481610989497
1374.5 0.922289846252204
1375.0 2.0096694769247514
1375.5 0.9127440115566938
1376.0 1.2543892143909559
1376.5 0.9093833324658483
1377.0 1.128865535578111
1377.5 1.8203855880814954
1378.0 0.8145957970133748
1378.5 1.153955991290207
1379.0 0.8803088776681867
1379.5 0.960424824636227
1380.0 0.4758455824420966
1380.5 1.212525893189214
1381.0 1.6629330122376773
1381.5 1.637797405901782
1382.0 0.7096647233832957
1382.5 0.9204124585576695
1383.0 1.0178257606099634
1383.5 1.2464183115427434
1384.0 0.5333122352864548
1384.5 0.9258286980449992
1385.0 0.8426120608899023
1385.5 0.2
1386.0 0.5849611814003365
1386.5 0.6623394886677392
1387.0 0.6458232053110247
1387.5 1.2209071394672244
1388.0 1.0269398462543087
1388.5 0.9804960974298709
1389.0 0.8499261528273929
1389.5 0.8310899033154497
1390.0 0.2
1390.5 0.5885707617669114
1391.0 0.5262313367487641
1391.5 0.889776744384161
1392.0 1.3610414560344997
1392.5 1.7894758597042801
1393.0 0.6698179127002319
1393.5 0.9718772127144448
1394.0 0.8803825155471842
1394.5 1.082852311270166
1395.0 1.2521521537932434
1395.5 1.0168813061787554
1396.0 1.471415099403078
1396.5 1.4004198065793991
1397.0 1.31352361778994
1397.5 1.257779561796987
1398.0 1.5325361709515781
1398.5 1.5269716856765436
1399.0 1.0786667424893253
1399.5 1.4127133128459577
1400.0 1.0177674866744124
1400.5 1.071856070684714
1401.0 0.8387810579530195
1401.5 0.7098735643973488
1402.0 0.7946350452222846
1402.5 1.374671043889581
1403.0 0.9797107674685863
1403.5 1.210925194317082
1404.0 0.7907039103288014
1404.5 1.4148017008567204
1405.0 1.0936597891613073
1405.5 0.9352137639623703
1406.0 1.1894894547987005
1406.5 0.9619868754283617
1407.0 1.427565983661867
1407.5 1.229573266759623
1408.0 1.002463186433829
1408.5 0.47935083849780236
1409.0 1.2228461867383946
1409.5 0.9029775786960221
1410.0 0.8675423092968635
1410.5 0.9524619985695396
1411.0 0.6441343834619652
1411.5 0.7528574338631304
1412.0 1.3724594940580634
1412.5 1.1315730491615064
1413.0 0.6815251062362736
1413.5 1.4022645745905826
1414.0 0.8767533841486392
1414.5 0.7803822441650259
1415.0 0.9950822102508552
1415.5 0.9680070729919201
1416.0 1.0174797247960317
1416.5 1.3514431696751261
1417.0 0.8888695717321796
1417.5 0.6945051168879505
1418.0 1.0195325465758822
1418.5 1.004379043822409
1419.0 1.1388763392244863
1419.5 0.9551415615999136
1420.0 1.0244712149303439
1420.5 1.3313120579363273
1421.0 1.3601931526015942
1421.5 1.1889840589887601
1422.0 0.9741933446622346
1422.5 1.6025740092332192
1423.0 0.649346793343998
1423.5 1.1973949388030172
1424.0 1.1035516150244091
1424.5 1.0540759215767062
1425.0 0.6488020758231094
1425.5 1.0622946836138267
1426.0 0.8110762189288574
1426.5 0.6459126557611548
1427.0 1.8460507373157111
1427.5 0.744561793611136
1428.0 1.5098169615593702
1428.5 0.5997242820974436
1429.0 0.932858135681811
1429.5 0.39113954031308507
1430.0 0.7486203965638563
1430.5 1.1060318750314235
1431.0 1.1526733988198854
1431.5 0.9307073836478463
1432.0 1.5685507243159504
1432.5 0.8537508011858475
1433.0 0.8382292156925638
1433.5 0.92879994283445
1434.0 0.6879831982281486
1434.5 0.5719909729217529
1435.0 0.8826857356711567
1435.5 0.6546555572137961
1436.0 1.5075961350467055
1436.5 1.099920856365764
1437.0 1.689894676078096
1437.5 0.657772986982018
1438.0 0.8087459550257734
1438.5 1.3237838497744394
1439.0 0.61791185760442
1439.5 0.6973123903111187
