0 1.1089538787571105
0.5 1.1524033071467348
1.0 1.0300832869543723
1.5 0.7554222364026708
2.0 0.7353062662544754
2.5 1.2458438056368546
3.0 1.1528749390704514
3.5 1.6345190912549898
4.0 0.8816686258002643
4.5 0.8192366256317352
5.0 0.9302920669801382
5.5 0.7350974310759513
6.0 1.031173586267488
6.5 0.861115175667782
7.0 0.8665683024722117
7.5 1.1923670612304509
8.0 1.2178780287914024
8.5 0.7667123489308827
9.0 1.2748690385755377
9.5 1.2328389813179537
10.0 0.6492667403688732
10.5 0.6566200199789933
11.0 1.0744493751846087
11.5 0.8574683732427925
12.0 0.5612261378211562
12.5 1.0601276654059517
13.0 0.4330306931726237
13.5 0.992504400266979
14.0 0.6611411956473157
14.5 0.7788282487105668
15.0 1.0017812364903813
15.5 0.8892749796962984
16.0 0.630680731791633
16.5 1.1197976045994618
17.0 0.9822717453718139
17.5 1.445084336268589
18.0 1.1148836090775411
18.5 1.542989961950993
19.0 0.8715728884222806
19.5 0.723281196377261
20.0 0.87812584837081
20.5 1.07403058519055
21.0 0.7773480494834393
21.5 2.136495665713843
22.0 0.9930787393964805
22.5 1.199093425582596
23.0 0.2
23.5 1.4577717184407035
24.0 0.6936391652180349
24.5 0.886224091968896
25.0 0.8421927407969114
25.5 1.5454982703255546
26.0 1.0524335346387632
26.5 0.6275585098873331
27.0 0.28310611633571986
27.5 1.2270543705816825
28.0 0.7048691538985614
28.5 1.2621493129035146
29.0 0.9415751503291574
29.5 1.5674797600473376
30.0 1.5939784748171912
30.5 0.4774321235112889
31.0 0.7282458020357554
31.5 0.9182411505914805
32.0 0.9205494729934983
32.5 0.8567762164817849
33.0 0.7898706794288837
33.5 1.0319661229528911
34.0 0.846592149107962
34.5 0.7663294799005033
35.0 1.2859751739138812
35.5 0.8164937180453116
36.0 0.7625437804506953
36.5 0.7583129717580126
37.0 0.629299481169846
37.5 1.3638929711221208
38.0 0.7349982515720996
38.5 1.558770718343716
39.0 0.7668783883345527
39.5 0.8043077092919652
40.0 0.7559872860194263
40.5 1.2366433657319873
41.0 0.655729011684515
41.5 1.3956144735590814
42.0 1.8674853326217464
42.5 1.0985340784812552
43.0 0.40154981491263586
43.5 0.9342770611327559
44.0 1.1918501810729194
44.5 0.7374370019032916
45.0 1.117842383564656
45.5 0.8429692105008084
46.0 0.818725686564914
46.5 1.0424620117649857
47.0 1.1124262370429787
47.5 1.1382447116476664
48.0 0.7767958042899464
48.5 0.800272680922976
49.0 0.7947090125116558
49.5 0.8897762153651531
50.0 0.8904508700541472
50.5 1.0441252831163834
51.0 0.45253612361070716
51.5 0.9304253568906617
52.0 1.3355285908438048
52.5 1.3450983088753619
53.0 0.986749964756188
53.5 0.7221808823378686
54.0 1.1280203525883508
54.5 0.37822135289781
55.0 0.7293353004329639
55.5 1.6502227305394435
56.0 0.9135732432554071
56.5 0.941061552367735
57.0 0.7709112120712578
57.5 0.6940271390446693
58.0 0.7741512333425956
58.5 1.1920084581416135
59.0 0.6289755697629562
59.5 1.0598014560507676
60.0 0.5855644227115164
60.5 0.577460833866297
61.0 1.458773297675949
61.5 1.1477592507280596
62.0 0.9635578924544753
62.5 0.8624096846268636
63.0 1.4428500394865846
63.5 0.873122858334655
64.0 1.1108136726377218
64.5 0.790950014053124
65.0 1.2169306214445084
65.5 0.59110304049677
66.0 1.1193388153434185
66.5 0.5537662020933184
67.0 0.5401607244725611
67.5 0.6707635015034292
68.0 1.021806148410473
68.5 1.0096751487193663
69.0 1.7475834666005556
69.5 1.1005015051755653
70.0 1.1890460002032657
70.5 0.4171170026017468
71.0 1.1015681634672676
71.5 1.0519503723291184
72.0 1.6001335474991452
72.5 1.2303125075312775
73.0 0.744265724693683
73.5 1.0639665839025703
74.0 0.6173404458333789
74.5 1.0137235124767183
75.0 0.9976995047586965
75.5 0.9009102555814171
76.0 0.917437731468933
76.5 0.8839799584366909
77.0 0.6537362776994093
77.5 1.3415612264829293
78.0 1.0882891549041502
78.5 0.7767032682313767
79.0 0.662891625056284
79.5 0.9246165072088662
80.0 1.61620047815604
80.5 0.9123454280202821
81.0 1.259400545454759
81.5 0.7695990297603847
82.0 1.0771437187950064
82.5 0.9942144073300662
83.0 0.6395889520553364
83.5 0.7278711665752469
84.0 0.8784272542976981
84.5 1.2494230431934263
85.0 0.2
85.5 0.9515906954850258
86.0 1.3814312641384938
86.5 0.8508125145578745
87.0 0.5833479292595526
87.5 0.9427958869895692
88.0 1.1408126970417207
88.5 1.6393666394566644
89.0 1.0207355364733686
89.5 0.941606518875602
90.0 0.4830761929650801
90.5 1.031313411918677
91.0 0.573857362724471
91.5 1.0811662061563756
92.0 0.864047733990925
92.5 0.568693737652612
93.0 1.2610750673963846
93.5 1.7851147465321726
94.0 0.6433528196658094
94.5 1.6738287335103745
95.0 1.3671769849859992
95.5 1.1281431875822214
96.0 1.0305933443090534
96.5 1.2468889850576437
97.0 0.8065477353268496
97.5 1.1063250989893585
98.0 1.1570433268374152
98.5 0.8798630876211515
99.0 0.6931500179975654
99.5 0.6831129515852183
100.0 1.4566835387488763
100.5 0.7798064993371271
101.0 0.8661129346568788
101.5 0.6780024772987138
102.0 1.8340948785379032
102.5 0.5062434965380305
103.0 1.6775534729802413
103.5 0.7406189815334825
104.0 1.0108328039088568
104.5 0.8139278423275544
105.0 0.9462174312753444
105.5 0.34101746328408455
106.0 0.7626220077044306
106.5 1.2165327408088755
107.0 1.1696067784667625
107.5 0.7989617371155238
108.0 0.78789450985102
108.5 1.0191743606725443
109.0 0.6674885694713698
109.5 0.9756777233824007
110.0 0.9537287989064058
110.5 1.7241472786926724
111.0 0.9410406364620467
111.5 0.6995279166819486
112.0 0.2
112.5 0.5736909691168149
113.0 0.5744268982968801
113.5 0.9288625492810848
114.0 1.284001013624092
114.5 1.1716206431671392
115.0 1.2030717251111733
115.5 1.011653150590681
116.0 0.9172514630757895
116.5 1.1521188417110375
117.0 1.3422022438790178
117.5 1.3378748915974827
118.0 1.5455614363745123
118.5 0.6031086513240639
119.0 0.44154537072351263
119.5 0.3817152725983316
120.0 0.7850964855334572
120.5 0.8516541604724339
121.0 0.8636323073869738
121.5 1.504087087145154
122.0 0.7748939947918215
122.5 1.611173779008495
123.0 0.8465011455757296
123.5 0.5481859946627841
124.0 0.9274071255008168
124.5 0.8046011538423086
125.0 1.0511913142393428
125.5 1.3385587352998365
126.0 1.344416657760188
126.5 0.915448691348908
127.0 0.8529166360360863
127.5 0.9205504666854328
128.0 0.6280671664607385
128.5 1.1115948307192889
129.0 1.568380166826528
129.5 0.8970303298816161
130.0 0.9036740913762291
130.5 0.96199739047031
131.0 1.5992202257186956
131.5 1.3352624878643415
132.0 0.5585745661445493
132.5 0.7522621730640946
133.0 0.9906289531274274
133.5 0.6425620931687509
134.0 0.8027075403143368
134.5 1.125946072815795
135.0 0.3602213490044187
135.5 1.106282831095213
136.0 0.8849722928606294
136.5 0.786072175762962
137.0 1.0807832777663764
137.5 0.7602354500866271
138.0 0.4591784800958575
138.5 0.8994506453295383
139.0 0.8064487771999772
139.5 0.6990257330519205
140.0 0.6301298677892
140.5 0.8872648488672529
141.0 1.5206418932087593
141.5 0.8490456020248318
142.0 1.1369853707975175
142.5 1.5469603022503549
143.0 0.9797043601851834
143.5 1.5575633502545299
144.0 1.4804083732580444
144.5 1.0716178121796018
145.0 1.273746444822712
145.5 0.603621304644001
146.0 0.6139346072589336
146.5 0.8247023769805524
147.0 1.2329423408988145
147.5 0.541884228581924
148.0 0.8397184431097829
148.5 0.988774045180594
149.0 1.7203554538424848
149.5 1.0967219703862707
150.0 1.9215255794669335
150.5 1.0975076207386028
151.0 0.5587088642505313
151.5 0.8605558251346191
152.0 1.3069812494013973
152.5 1.4814216380969163
153.0 1.5257350978058524
153.5 0.7574911314033607
154.0 0.7394807775724137
154.5 1.1037356242616638
155.0 0.7595108952575367
155.5 0.7455091541738853
156.0 1.2282279384246269
156.5 1.4113823438388384
157.0 0.9091438013705562
157.5 0.6381485128604576
158.0 1.025419110007481
158.5 0.9604262643195796
159.0 0.996146000944478
159.5 0.9984868038228876
160.0 2.192234787024522
160.5 0.8962602328585487
161.0 0.7400720307271766
161.5 0.8341341595785808
162.0 0.8069260225832929
162.5 0.8819572399014388
163.0 1.0535235255511597
163.5 1.0516167029190988
164.0 0.6898511257674438
164.5 0.9752465888044987
165.0 1.105005452693322
165.5 0.7075929838409057
166.0 1.4701352846031308
166.5 0.7927293823131585
167.0 1.2903253803854102
167.5 0.6782328193640114
168.0 0.42736893255166175
168.5 0.6197812141479322
169.0 0.5648531641245651
169.5 1.1239575528121035
170.0 0.7612213946398012
170.5 0.9664759138050042
171.0 1.2034412682848292
171.5 0.823905480780863
172.0 1.001203303287956
172.5 1.1628814765866573
173.0 0.9311295218401512
173.5 1.0350597744179797
174.0 0.5706367219594419
174.5 0.8712759141820082
175.0 0.9981737287352331
175.5 0.672226343887423
176.0 0.7897717525795401
176.5 0.9288983173205605
177.0 0.7477539669131632
177.5 0.7734299982448957
178.0 1.2384635245781963
178.5 0.5271770657700675
179.0 1.1824011436321773
179.5 1.1202854984280355
180.0 0.7836118898538085
180.5 1.1628173503269545
181.0 0.5501932716996549
181.5 1.0671365516430207
182.0 1.020284441858705
182.5 1.7980182994119986
183.0 0.5952487481610206
183.5 0.8404397870100698
184.0 1.0292124053610778
184.5 0.826276329439223
185.0 0.8708563670807202
185.5 1.2526567222282496
186.0 1.0200635999264165
186.5 1.034366575479165
187.0 1.5814022076058611
187.5 1.134056216529789
188.0 1.9755176704588973
188.5 0.998970398117819
189.0 0.6470548389679104
189.5 1.1259267033522322
190.0 1.3164854098033736
190.5 0.6257223381492388
191.0 0.6910330350655896
191.5 0.755929249474008
192.0 0.683863659564626
192.5 0.7468709884807062
193.0 0.8009632790366126
193.5 0.3864830693757675
194.0 1.18246244944518
194.5 1.1563251152944956
195.0 0.5641394360025874
195.5 0.4766372372943114
196.0 1.1796057761911203
196.5 0.9055621294423168
197.0 1.2182713468572568
197.5 0.6917814763504324
198.0 0.8931328053106079
198.5 1.4207678980452272
199.0 1.313357191180819
199.5 1.198555867049674
200.0 1.181074496381769
200.5 0.8775389680527215
201.0 1.3525142926578226
201.5 1.1066253184531232
202.0 1.40003687757932
202.5 1.1629344603003235
203.0 1.2991125830539725
203.5 0.9872180319292118
204.0 0.7168401890587068
204.5 0.5192109694957108
205.0 0.8600879758514426
205.5 0.7246520158256641
206.0 0.5789404616346494
206.5 0.9485769858887724
207.0 0.599995095097131
207.5 1.0119990833413754
208.0 0.6661168539062317
208.5 0.6890353909810936
209.0 0.72217324867954
209.5 1.465058414723305
210.0 1.4308316096526594
210.5 1.7885556806033516
211.0 0.7239583367754132
211.5 1.4064118290529297
212.0 0.9820319897985238
212.5 1.2308052796102456
213.0 0.5983836492257726
213.5 1.0037513731160312
214.0 0.8645574714941459
214.5 0.7249526661425418
215.0 1.368969262537858
215.5 1.269632033970837
216.0 0.7290330472428588
216.5 1.5249122744346604
217.0 0.9800872628390357
217.5 1.2385358995139595
218.0 1.4911723810718613
218.5 0.9982766747351906
219.0 0.8102697728350892
219.5 1.89398449511314
220.0 1.051386248042422
220.5 0.8531093860531742
221.0 0.8132357992277112
221.5 0.45882579237009236
222.0 1.1080284956274493
222.5 0.6971961140138624
223.0 0.4877122653363283
223.5 0.825529743680091
224.0 0.8916099085764384
224.5 0.6549290004787363
225.0 0.5807066765415403
225.5 0.9076149162972257
226.0 1.1078005218934526
226.5 0.5619967187477921
227.0 1.1861749651813298
227.5 1.3598913179073846
228.0 1.0054827836067837
228.5 0.7831988453248201
229.0 0.7098748363192446
229.5 0.8602829486617927
230.0 0.7472564588318046
230.5 1.0395028229302423
231.0 0.959026320138721
231.5 0.9058233790466612
232.0 1.9819771196696734
232.5 0.6100310653120375
233.0 1.4953182043757316
233.5 0.7060910230709933
234.0 0.7965844091831961
234.5 0.887952963971852
235.0 0.6339513709207265
235.5 1.0422121123000094
236.0 1.874349470906402
236.5 0.8132716670041376
237.0 1.1587820159459041
237.5 0.6410031791238355
238.0 1.0892148424700916
238.5 1.4756966466102672
239.0 0.45380383457310425
239.5 1.0455458808358924
240.0 1.6302329048529693
240.5 0.997621457867568
241.0 1.4602092659616073
241.5 1.0919611060668937
242.0 1.023094059005588
242.5 0.710179704484497
243.0 1.5455977526307438
243.5 1.0559446510877033
244.0 0.6371211133453603
244.5 0.8101582339156821
245.0 0.89158906075679
245.5 0.30332779821883227
246.0 0.7655197437695394
246.5 1.1159261317382119
247.0 0.803895514679351
247.5 0.7373306925413334
248.0 0.8861632376961992
248.5 0.7574489084122622
249.0 0.917204578256713
249.5 1.0829976824533727
250.0 1.9241434442312513
250.5 0.43843511604319996
251.0 0.7865021172693448
251.5 0.833700006416747
252.0 1.0601168736791284
252.5 1.1959895149385367
253.0 0.9259550280075975
253.5 0.7420056412635934
254.0 1.437697372986774
254.5 1.257567012421998
255.0 2.0252225694172723
255.5 1.1402998656772312
256.0 1.061634542378751
256.5 1.5735308773941163
257.0 1.4937478961496846
257.5 1.2204373536736786
258.0 1.0501076974674588
258.5 1.3812415608596376
259.0 0.860091609104324
259.5 1.81128409945036
260.0 1.0963722789485835
260.5 0.9104803922801026
261.0 1.461383562444435
261.5 1.231852275791375
262.0 1.0491003344993413
262.5 1.0233685638563714
263.0 0.6400105321458553
263.5 0.8116952903074486
264.0 0.8624986782172281
264.5 0.671820217264536
265.0 1.5927029511547737
265.5 0.9633583114674862
266.0 1.4462396648892462
266.5 0.533295037303502
267.0 0.9104517956044267
267.5 1.468417838933786
268.0 0.9004770693684649
268.5 1.664981299611474
269.0 0.772816240611078
269.5 0.9739094425904551
270.0 1.183253624243379
270.5 2.300947051106307
271.0 1.0857720277416116
271.5 0.5031372241769019
272.0 0.9377143590631128
272.5 1.5421878729873102
273.0 0.3418198483979944
273.5 0.9144211018172853
274.0 0.8642616049294332
274.5 0.48395497436949864
275.0 1.3010988777984083
275.5 0.8252449774315447
276.0 0.6062035196211029
276.5 0.7394880572027607
277.0 1.7238620770294655
277.5 0.7056459273873213
278.0 0.9961258788227171
278.5 0.8764291814465209
279.0 1.5585553312796172
279.5 0.9305512874507831
280.0 0.7083946065337097
280.5 0.9726311069981431
281.0 0.3832541946524153
281.5 1.0720608952438644
282.0 0.7789105696223975
282.5 1.441490953897758
283.0 1.0264640514991
283.5 1.100102087664332
284.0 1.1387486069799957
284.5 0.816191454414212
285.0 0.6819653101665805
285.5 0.727401701073737
286.0 0.5097071644701654
286.5 1.3331767959216627
287.0 2.166689051861553
287.5 0.6701903516537513
288.0 1.500214919787953
288.5 0.9078830735582725
289.0 1.12699205314002
289.5 1.6387623593056166
290.0 0.8562964716334561
290.5 1.1535806003231117
291.0 0.4884734253815823
291.5 0.7707029660038318
292.0 0.8199035252306095
292.5 0.7690402285431239
293.0 1.2300740717981538
293.5 0.7675008972254758
294.0 1.2582166413992093
294.5 0.9206556298085684
295.0 1.696212117783796
295.5 1.4020347203622001
296.0 1.3174936605433305
296.5 1.5580082684359633
297.0 1.0509756774046655
297.5 0.49206264039570835
298.0 0.7704421093532383
298.5 0.7755263903118814
299.0 0.6403362012086857
299.5 0.7663353661638643
300.0 1.0806958819670065
300.5 0.8724049933894669
301.0 0.5744371427505778
301.5 1.1055902618065754
302.0 1.1410460681709096
302.5 1.0240312217477539
303.0 0.8465835277579814
303.5 0.6152870458404003
304.0 0.7402210901257559
304.5 1.296765426018287
305.0 0.6706421562721311
305.5 0.7594361152133823
306.0 1.4519096415959432
306.5 1.0296791295636578
307.0 1.480889776062082
307.5 1.3576814467189946
308.0 0.9298213925100527
308.5 0.9969248815280233
309.0 0.4529781827277891
309.5 0.6902922148906238
310.0 0.7144077653958056
310.5 1.386028415942091
311.0 2.3541642913465695
311.5 0.9604309368509196
312.0 0.7418828336266836
312.5 0.7722177501858752
313.0 0.7096230125065004
313.5 0.6626212997873558
314.0 1.1693513789429972
314.5 1.3316643137367987
315.0 1.0667613614481377
315.5 0.6554530544600441
316.0 0.8073146929240586
316.5 1.321413085811077
317.0 0.3522452905327595
317.5 0.7604598770975017
318.0 1.0171537218226567
318.5 0.5586831928287023
319.0 0.9428719921971259
319.5 0.7338814754338079
320.0 0.7034878982027766
320.5 0.7344297240768914
321.0 0.48250166638724523
321.5 1.1230182100891775
322.0 1.4649233771721657
322.5 1.4618603179518037
323.0 0.8578318737297722
323.5 0.9325069805595015
324.0 1.5558137091481348
324.5 0.7104636117266474
325.0 0.5608638894955826
325.5 1.2126494046063478
326.0 0.6725797981148343
326.5 1.3094685806503201
327.0 1.315558317701576
327.5 1.1588967021312424
328.0 1.7749423965924485
328.5 1.1343056828722666
329.0 0.9733767024609034
329.5 1.159774457267473
330.0 0.9906880186071872
330.5 1.2501930906670098
331.0 0.8011541936439346
331.5 0.9289875471291099
332.0 2.285009339519331
332.5 1.5039780439354344
333.0 0.8132143745624303
333.5 1.1016923167772883
334.0 0.9596855087667535
334.5 0.8328073376379049
335.0 0.9079729137865118
335.5 1.2142184899372943
336.0 0.4227711986238317
336.5 2.0398289943347048
337.0 1.2553516178303152
337.5 1.1409004961582427
338.0 1.4828348114888188
338.5 1.0182597690042567
339.0 1.1294595495104427
339.5 1.7842978047584652
340.0 0.9101158370415524
340.5 0.8651875015410605
341.0 2.0113704258023417
341.5 0.8855763276041457
342.0 0.76681979693539
342.5 1.4221470570716355
343.0 0.823057913454692
343.5 1.0771741795766112
344.0 0.9088565198679301
344.5 1.0516759925753572
345.0 1.0982840185612657
345.5 1.0952894913096154
346.0 1.4665045570460555
346.5 1.6025961118904322
347.0 0.8485666110549057
347.5 0.7680275746870042
348.0 0.8223779518123375
348.5 2.2144433489807143
349.0 1.0709992408576672
349.5 1.1017722466520539
350.0 0.6330148374297491
350.5 1.801481347189751
351.0 1.5123147360194067
351.5 1.0719348842648273
352.0 0.9020596705366937
352.5 1.0818575982558207
353.0 0.7349340189607296
353.5 1.4333899252866202
354.0 1.6310455661581909
354.5 0.8558092719624499
355.0 1.5120702680858473
355.5 0.9326360852513774
356.0 1.4174174148457368
356.5 0.9249332509605093
357.0 0.7417468435633963
357.5 1.130830724724469
358.0 1.7034416358364894
358.5 1.1295118420396717
359.0 0.9093879789337727
359.5 0.6856148598198494
360.0 1.3861316321393753
360.5 0.8969557927161662
361.0 1.2084108984892303
361.5 0.9543370253475962
362.0 1.069143792959344
362.5 0.7385865361725484
363.0 0.7564524886989077
363.5 1.4686400082832125
364.0 1.1446220076823437
364.5 0.9249657901091439
365.0 1.1053370297128096
365.5 1.5588748422006453
366.0 0.6365936002254943
366.5 0.5023410289745874
367.0 0.8981110234508247
367.5 0.692934043422614
368.0 1.069799765367416
368.5 0.45745554153086787
369.0 0.8828712318997102
369.5 0.7313303306199295
370.0 1.508760194801886
370.5 0.7552512595243719
371.0 1.3350714545537055
371.5 1.0314891844596583
372.0 1.1815827663341962
372.5 0.5750583764955401
373.0 1.126047156360741
373.5 1.315346064771866
374.0 0.8032406341411376
374.5 1.008159158688703
375.0 0.5250618822306652
375.5 0.6089637707989501
376.0 0.4883055264845952
376.5 0.8363700209654966
377.0 0.6530998019455501
377.5 0.8128816331113066
378.0 0.5954779023778893
378.5 0.9643936024860867
379.0 0.7402525035664369
379.5 1.0839852165691821
380.0 1.4517840437908491
380.5 0.987970994121581
381.0 0.6345896056818212
381.5 1.3247197273295823
382.0 1.073232380907009
382.5 0.5952171819363868
383.0 0.6544096451366499
383.5 0.7677904179299617
384.0 0.951386940183945
384.5 1.006878196583642
385.0 1.1769768923404134
385.5 0.3881924587309493
386.0 1.2739526632300653
386.5 0.9751484546316207
387.0 1.6784251158104757
387.5 1.0668713557727745
388.0 0.9198573576757076
388.5 0.6830536754996815
389.0 1.7157152817786114
389.5 0.7847708062077102
390.0 1.0377535128239224
390.5 1.5465529841712222
391.0 0.9376112078872597
391.5 1.0463920180285349
392.0 1.5514855577230073
392.5 0.8310524248970902
393.0 1.7283265747425247
393.5 0.8504977624588954
394.0 0.7324412066833121
394.5 0.8860772864407394
395.0 0.9223389209406763
395.5 1.4898917313281808
396.0 0.7826317102554726
396.5 0.6808247582297882
397.0 0.9747147780504031
397.5 0.8511005163231411
398.0 1.066762054360211
398.5 1.1400725298395795
399.0 0.8863681071351961
399.5 0.6141376469603144
400.0 0.8510929243622833
400.5 0.9611026885870431
401.0 1.2847696445347512
401.5 0.8290244535534121
402.0 0.7718070153443721
402.5 1.8620737553261972
403.0 1.1175219541222874
403.5 1.2951000133573574
404.0 0.885032621169761
404.5 0.7550248486582894
405.0 0.9483217013945752
405.5 0.9442678136123124
406.0 0.7388790575104086
406.5 1.2189600806151972
407.0 1.077175947528425
407.5 2.1414772344815787
408.0 0.9315007372231215
408.5 0.7161496929679371
409.0 0.5449898317459645
409.5 1.3560458745617403
410.0 0.45302508333311076
410.5 1.3280640938493362
411.0 1.3946189909751658
411.5 1.2890048501265756
412.0 0.7839451834020582
412.5 1.704952560785025
413.0 1.1202127128517458
413.5 1.6132778821970946
414.0 1.4003795517145008
414.5 0.7778200659963446
415.0 1.4080670736685073
415.5 0.82721989074754
416.0 1.7330396699931956
416.5 1.0657950596514687
417.0 1.2606762181577078
417.5 1.206674500325974
418.0 1.6266578906087155
418.5 1.128612023216755
419.0 1.1840471002393018
419.5 0.6929434326598981
420.0 1.3673733609057663
420.5 0.700702788781175
421.0 0.6758742142368797
421.5 0.7757312930821554
422.0 1.1056075180568918
422.5 0.5139091543376937
423.0 1.336149357917809
423.5 0.7583643018449693
424.0 1.0647454751347838
424.5 0.4452715874586499
425.0 0.8776140768824299
425.5 1.426935956864245
426.0 1.7124125376363364
426.5 0.9801962387137608
427.0 1.2476861449797645
427.5 0.9572926574564838
428.0 0.8995799513075643
428.5 0.9592763742687832
429.0 1.9844753138534434
429.5 1.604674815475891
430.0 0.7786443868031454
430.5 1.454566449338039
431.0 0.6590335576951547
431.5 1.7172939563327838
432.0 0.5809451652991207
432.5 2.417970517460954
433.0 1.3827544602887838
433.5 0.9893566817204443
434.0 1.2314768334003583
434.5 0.5940300786110884
435.0 1.6042146191368891
435.5 0.7910235201899842
436.0 1.5083758912143779
436.5 1.121559122071357
437.0 0.6907346687492597
437.5 1.472993840762524
438.0 1.0781959654924738
438.5 1.1524455046245754
439.0 0.6670348100877701
439.5 1.1958445043145325
440.0 1.2429115526390788
440.5 0.3526396110073622
441.0 0.5393035438587424
441.5 1.2293322933660753
442.0 1.3371195988836033
442.5 0.8651605453245641
443.0 0.7270826660277095
443.5 0.6546449243221086
444.0 1.0824724499551563
444.5 1.6317331692907215
445.0 1.7190026776730498
445.5 1.061962104570639
446.0 1.342298977661132
446.5 0.9705012869508269
447.0 1.8681892949407897
447.5 0.704948491511161
448.0 1.03082305340433
448.5 0.7006998443073436
449.0 0.9532920951491936
449.5 0.6820569719592383
450.0 1.0429298638166136
450.5 0.9093433483833526
451.0 0.8895585756054032
451.5 1.2308407831197115
452.0 1.017573866071912
452.5 0.9884452300382758
453.0 1.065151798609919
453.5 0.9021039397593834
454.0 0.7294730347965586
454.5 0.7853365081661834
455.0 0.9814740165855501
455.5 1.2173634780691116
456.0 0.8883811412239243
456.5 0.8436195141081151
457.0 0.6787368498178523
457.5 1.3282906929169394
458.0 0.8186216964989654
458.5 1.185875974789441
459.0 1.1095654059677524
459.5 0.7932799494226598
460.0 0.618247278972414
460.5 0.691033898677845
461.0 0.8236495962195192
461.5 0.2
462.0 1.2254351797097893
462.5 1.4383455352702277
463.0 1.0366017591439327
463.5 0.5521351465082198
464.0 1.7163869921224322
464.5 0.5527035842959076
465.0 0.8325808183129291
465.5 0.7189363346825932
466.0 0.6166232192270911
466.5 0.9834487530018794
467.0 0.8895401216269254
467.5 1.381397256491324
468.0 1.4019968575079271
468.5 0.33875247445945167
469.0 1.073549127313637
469.5 0.8698066180414109
470.0 0.6824498457693354
470.5 1.2673068998931796
471.0 1.0992807423138997
471.5 1.2473043788385767
472.0 0.9349194982034409
472.5 0.7342291858239194
473.0 0.7430535554206763
473.5 0.8655289540334
474.0 1.2461096418764748
474.5 1.3015376565080339
475.0 1.616452254564229
475.5 1.8109847229551264
476.0 1.551037551314745
476.5 0.5315804769875369
477.0 0.9944656850661353
477.5 1.343656539453847
478.0 0.804562345331389
478.5 1.502653949028892
479.0 1.294822885476532
479.5 0.9796844208403223
480.0 1.065893261545552
480.5 1.1085184902546272
481.0 0.9946425723580045
481.5 0.6296930836341181
482.0 1.3133903732583208
482.5 0.6101975856366384
483.0 0.7654668805452868
483.5 1.0089518511872706
484.0 0.9840951872950069
484.5 0.6385034211886076
485.0 0.8441116989469298
485.5 0.5368367492606554
486.0 1.8448307293639763
486.5 0.8655192008983273
487.0 1.9129379926403178
487.5 1.2250157945132902
488.0 0.9062509172288168
488.5 0.8738201578431369
489.0 0.9109367742482237
489.5 1.2478730089202106
490.0 1.0037568887108945
490.5 1.1036325251015566
491.0 0.9942725267361853
491.5 1.0273175173022484
492.0 0.800251419774637
492.5 1.0519087407132015
493.0 0.9783132210118579
493.5 0.7298296430055996
494.0 0.9218624897467607
494.5 1.00465907376412
495.0 0.8218467081223078
495.5 1.3690011519401728
496.0 0.6804403800438866
496.5 1.0355775275147852
497.0 0.3410169084584329
497.5 1.117698313760246
498.0 1.116351947483986
498.5 0.9685361570599179
499.0 0.8733909128858407
499.5 1.4097688503394652
500.0 2.236420865619334
500.5 1.9011209731703231
501.0 1.0194619330065624
501.5 0.9605518443852188
502.0 1.2606111599943155
502.5 1.8052719434704496
503.0 1.2224415964395026
503.5 1.1375141934526818
504.0 0.8680152935176726
504.5 1.2637669806474228
505.0 1.604082448866627
505.5 1.631855643231344
506.0 0.7469583100676512
506.5 1.1963091653538398
507.0 1.123001784896322
507.5 0.6658757858798734
508.0 1.1383986292566337
508.5 1.1153845323034157
509.0 0.7086619731171779
509.5 0.7762527196347365
510.0 1.4675724096902312
510.5 0.5846379902431573
511.0 1.0070112398579445
511.5 0.5044455474218468
512.0 1.0002721657522156
512.5 0.6323871366000698
513.0 0.7512745235943263
513.5 1.2710565789172659
514.0 1.5426551675916036
514.5 1.0057968959255632
515.0 1.3677274142666818
515.5 0.8953509446550778
516.0 0.9366633494216806
516.5 0.7598569871410996
517.0 1.003626629800332
517.5 1.1322539437592392
518.0 0.6315681441544547
518.5 1.0301241862104655
519.0 1.0680737881975355
519.5 2.002440989462329
520.0 0.9624847648646996
520.5 0.7742745200330858
521.0 0.6691277765796437
521.5 0.9108436313368656
522.0 1.1941178579978229
522.5 1.003336884832596
523.0 1.0531576943305823
523.5 1.0777249146198442
524.0 0.8078509098140947
524.5 0.8028175170711612
525.0 0.597122578351632
525.5 0.9233661945775369
526.0 0.6905711008211419
526.5 0.7535736492482048
527.0 1.122064296256919
527.5 0.4661817325004137
528.0 0.5406057881833068
528.5 1.6188131810822464
529.0 1.088082021313968
529.5 1.4996653365392447
530.0 0.6328108051136602
530.5 0.7645741790755083
531.0 1.0303569152978542
531.5 1.0625889314051702
532.0 0.9746168404653772
532.5 0.8593346517801868
533.0 0.6553085020470708
533.5 1.3250649158164003
534.0 1.0153037520192607
534.5 0.9852280340239769
535.0 1.0951616143825844
535.5 1.9865364463156312
536.0 1.1733545484760286
536.5 1.1562097148587425
537.0 1.0250306129400484
537.5 0.980406704761981
538.0 0.8773741048304816
538.5 0.7442692345760846
539.0 0.5760829157558238
539.5 1.395268210805456
540.0 0.6850287574401658
540.5 1.0141490552901167
541.0 0.7214195452680863
541.5 0.7402488851256273
542.0 1.065983440474812
542.5 1.2602412287249423
543.0 0.6515510119590989
543.5 1.03123211789226
544.0 1.1488634514660654
544.5 0.8341679053606978
545.0 0.653705409652158
545.5 0.7099589537682511
546.0 0.5314151086824608
546.5 1.516170333529924
547.0 0.8138309483810037
547.5 1.3839891912302233
548.0 1.1075833664365144
548.5 0.5765529374892464
549.0 1.073767824250107
549.5 0.8914994977508712
550.0 1.5460720401789696
550.5 0.7166284834950916
551.0 1.4903765560883664
551.5 0.655696699131054
552.0 0.6852999776202932
552.5 1.8317303593787293
553.0 1.1083186346439633
553.5 0.9528645153133252
554.0 0.8632462881574631
554.5 0.7045969828633772
555.0 0.2
555.5 0.8204483868035782
556.0 0.9304212156982846
556.5 0.7993916434953825
557.0 0.7877958310632603
557.5 1.4243175286289964
558.0 0.8044397098695721
558.5 1.0799744073071653
559.0 0.7388671077731219
559.5 0.9517998689994233
560.0 0.8692215446234222
560.5 0.8740358777441674
561.0 1.0143554436123128
561.5 1.1905649243516991
562.0 1.20500042433172
562.5 1.207885082947478
563.0 0.963630992154032
563.5 0.9038433990127042
564.0 1.2322320707942613
564.5 1.0124994485330316
565.0 1.1959699364236058
565.5 0.9252121768929302
566.0 1.3406569563640982
566.5 0.5442875953127577
567.0 1.2995416833409217
567.5 1.2548731013647638
568.0 0.6179779040561288
568.5 1.1866883315552117
569.0 1.1384800723560946
569.5 1.226608595291908
570.0 1.4284080871014173
570.5 0.946298800445642
571.0 0.6277490073111801
571.5 0.6104500255320646
572.0 0.8823693118762135
572.5 1.0661518070244855
573.0 1.5595002204126214
573.5 1.2563411374447722
574.0 1.8294347014021168
574.5 0.7689717756432365
575.0 0.9012907920709228
575.5 1.2940093739329768
576.0 1.7901426346391158
576.5 0.8424692020468271
577.0 1.7607683855545906
577.5 0.6193199213243146
578.0 1.030958379287601
578.5 1.1310741938617288
579.0 0.47704266122542016
579.5 1.0688644924678308
580.0 0.6712829616819697
580.5 1.4572875790708326
581.0 1.0689574239077526
581.5 0.5664832462084642
582.0 0.6702309803645917
582.5 0.8759643428714134
583.0 0.7581929069804123
583.5 0.4564341981240252
584.0 2.3044259367575486
584.5 0.7514683341789735
585.0 1.2938251188394627
585.5 1.0995918041239872
586.0 0.6477426039796277
586.5 1.437539728285722
587.0 1.2054042614983045
587.5 0.7601258215144355
588.0 1.3475320494485712
588.5 0.5462084303710006
589.0 1.3262625463090445
589.5 0.2
590.0 0.8443816600269516
590.5 0.6623808563918097
591.0 0.3425214004537934
591.5 0.8538016701524215
592.0 0.9535608990377368
592.5 0.948298838405474
593.0 1.09710096886401
593.5 0.8282018394467687
594.0 1.4369834336029408
594.5 0.951624966136335
595.0 1.5604004425696436
595.5 1.1213467113856845
596.0 1.653227208348403
596.5 0.9619255181158235
597.0 1.4434905152443787
597.5 0.8270772190766282
598.0 0.9960133541628092
598.5 0.5196945272006583
599.0 0.8084209351822177
599.5 1.2133436163103575
600.0 0.8526262576288327
600.5 1.107864975041136
601.0 0.35111250974602537
601.5 0.6773844288212394
602.0 1.0339059947430322
602.5 1.088055168747649
603.0 1.0524563445767119
603.5 0.6938488379716397
604.0 1.1945308102973393
604.5 0.9487472394419791
605.0 1.2270073737275198
605.5 0.7241791444787314
606.0 0.8545023720233671
606.5 1.8061587524591212
607.0 0.6035960276824834
607.5 1.063126193790259
608.0 1.3192580527141522
608.5 1.097381113896643
609.0 1.3313581283044078
609.5 1.8012236505281765
610.0 0.5775251194580591
610.5 0.6474469501809109
611.0 1.1675423048397005
611.5 0.9267621040732698
612.0 1.335975480347209
612.5 1.3846821082570973
613.0 1.1917952785592905
613.5 1.0632026272908204
614.0 1.0180245580117715
614.5 0.6032667987952967
615.0 0.6921706711642962
615.5 0.9146384722544822
616.0 1.4721802025316837
616.5 0.8431241152287441
617.0 0.8387868311671449
617.5 1.4166613799732013
618.0 1.1696888246979489
618.5 1.2881292301832667
619.0 1.0952871793894285
619.5 0.7231411018186792
620.0 1.1097847833282533
620.5 1.3428558137980042
621.0 0.8473622860839864
621.5 1.1021057340323601
622.0 1.3513748258742626
622.5 1.1140223619732699
623.0 0.4169773033593488
623.5 1.189985068025348
624.0 0.5448320424092461
624.5 1.225545096062973
625.0 0.6865807719336111
625.5 0.7174999170033385
626.0 1.017786509704395
626.5 0.647502534425965
627.0 0.2957589524673714
627.5 0.8272470690140035
628.0 0.6670309382112759
628.5 1.161339902324391
629.0 0.5111250302444809
629.5 1.3085282317787177
630.0 1.3209247515161144
630.5 0.7918826800874116
631.0 1.2851185973182315
631.5 1.053700321356889
632.0 1.2077694317286096
632.5 1.2414057003363201
633.0 0.7764218768735037
633.5 0.9262737174607917
634.0 0.8135317099961471
634.5 0.5403012145648581
635.0 0.6178165019419528
635.5 0.8148684443204455
636.0 0.7983310558892207
636.5 1.2074337820303886
637.0 0.7118973335584351
637.5 0.6621709507759951
638.0 1.111263385558242
638.5 0.9518815219647697
639.0 1.2129907212184854
639.5 1.3710617447996891
640.0 1.1231664540878548
640.5 1.098658188993483
641.0 1.2931126352932287
641.5 0.5694669130731664
642.0 1.3532884855413738
642.5 1.0350333899667108
643.0 1.0456618926534262
643.5 0.5080665275921226
644.0 1.13054914645704
644.5 1.6121589791364483
645.0 1.122640099922803
645.5 1.0615754792308563
646.0 0.717785361803859
646.5 0.5209032782084844
647.0 0.9305526227745418
647.5 0.7003430404518705
648.0 0.46374439580390664
648.5 1.4083909403410135
649.0 0.9451266055533518
649.5 1.191486260883872
650.0 1.4007998703612197
650.5 0.44506494009911246
651.0 1.6567974401212884
651.5 1.2966449177774733
652.0 1.1515270173742842
652.5 0.8553704976067468
653.0 0.6361865043593143
653.5 1.4383948800086022
654.0 1.2262149691999569
654.5 1.0810776822461685
655.0 1.3021626096419672
655.5 1.2241004094767067
656.0 0.8276555149396719
656.5 0.8974189759986839
657.0 1.443774892097685
657.5 1.1229871937672757
658.0 1.1196567290594608
658.5 1.0788458136385763
659.0 1.156230088686481
659.5 1.0323151118237626
660.0 1.0432626785158026
660.5 1.052407247888772
661.0 1.3371534129709293
661.5 0.9290402063035805
662.0 0.6132109020575427
662.5 0.7194243760193939
663.0 0.6621883433058473
663.5 0.6779794836061058
664.0 1.72775216122775
664.5 1.2078224495766392
665.0 0.9846485194667125
665.5 0.9836027891974337
666.0 1.2935816758105898
666.5 1.4336451807131003
667.0 0.7860824174342103
667.5 0.38787096438626567
668.0 1.3893024870306054
668.5 0.9842823876543338
669.0 1.1326698357652316
669.5 1.8511331894301328
670.0 0.7729538250807675
670.5 0.7497563276709427
671.0 0.7769759534832141
671.5 0.8321899793490585
672.0 1.129706031577026
672.5 0.9829978616189773
673.0 0.940777448431093
673.5 0.746088351665189
674.0 0.8454867092322096
674.5 0.6688300863707609
675.0 1.0600712328420303
675.5 1.199656226420493
676.0 0.7964607041333169
676.5 0.7080961587031922
677.0 1.0984665094754171
677.5 1.0216090246878262
678.0 1.0952680855412527
678.5 0.985118510595413
679.0 0.8948034909112318
679.5 1.8281105716574149
680.0 0.6207879702950586
680.5 0.7149060752486323
681.0 0.7839771296468483
681.5 0.8238870183345455
682.0 1.1898712729421455
682.5 1.0715267463605813
683.0 0.4843877706500861
683.5 1.1490312619654808
684.0 0.8928078811212472
684.5 1.3799995440508432
685.0 1.1898274779440599
685.5 0.7309922797409597
686.0 1.3640258052666545
686.5 0.8335722485736954
687.0 0.887834141834625
687.5 1.4286887419970236
688.0 0.7330705130607238
688.5 1.1071008993528157
689.0 0.9632466831195504
689.5 0.3570311140304807
690.0 1.1219353899036761
690.5 1.1850554872107135
691.0 0.9657492059351231
691.5 0.871848692238707
692.0 0.8326398751081853
692.5 0.8647558093244281
693.0 0.5494980432833035
693.5 1.3762311087173766
694.0 1.072838871004692
694.5 0.7779000511705594
695.0 1.3627657153576602
695.5 1.2411479897628155
696.0 0.9355236961833793
696.5 0.8637292023938192
697.0 1.471744233269281
697.5 1.4648612406494532
698.0 1.1188762743669751
698.5 0.9198888531943074
699.0 1.59530604207125
699.5 0.9535565806347588
700.0 0.9813619728901821
700.5 0.625996080331281
701.0 0.3772592194530046
701.5 0.970174293629234
702.0 0.7405099570548093
702.5 1.0115599693880095
703.0 0.2
703.5 0.8156236995955533
704.0 0.8700394242895224
704.5 0.8779154436819467
705.0 0.9131801066716696
705.5 1.259488206536616
706.0 1.3061404065917617
706.5 1.4592433671827618
707.0 1.3132959638854813
707.5 1.142456393383512
708.0 0.9706108467800912
708.5 0.9272918821050438
709.0 1.1431050587442884
709.5 0.6713523752447864
710.0 1.1052343816638777
710.5 1.5311092651459575
711.0 1.1288857270762769
711.5 0.9272833217676573
712.0 1.1743772742563754
712.5 1.0232361312200429
713.0 1.9172443646203772
713.5 0.4903376757273912
714.0 1.6039993970819366
714.5 1.4902722855540107
715.0 0.6640735856014737
715.5 1.9022356176713116
716.0 1.3155893313860871
716.5 0.8209542825742542
717.0 0.8462740157640327
717.5 1.1228473555158116
718.0 0.8640886552237939
718.5 0.31335876083339786
719.0 0.951046347078336
719.5 1.1331110961584192
720.0 1.178188019201168
720.5 1.2008456146305941
721.0 1.386721333793886
721.5 0.7530764273029377
722.0 0.9521797277731096
722.5 1.1816697681373642
723.0 0.8696674382632685
723.5 0.9768176802196122
724.0 0.8816775296900784
724.5 1.219458333961963
725.0 0.803343987792168
725.5 0.8892046730940544
726.0 1.0749735070192226
726.5 0.655418067081308
727.0 0.7402439162687646
727.5 0.8610081824159711
728.0 0.5435115507730341
728.5 0.8819064351935454
729.0 0.2
729.5 1.703018977357722
730.0 0.916483877058949
730.5 0.5919954423530842
731.0 0.6158925516543536
731.5 1.6398034967268287
732.0 1.1762242843392654
732.5 1.0258854912532944
733.0 0.4612760445329601
733.5 1.7615343078925503
734.0 0.5692191227182316
734.5 0.8065708419146187
735.0 0.5175152839945585
735.5 0.4662935537166643
736.0 1.1516155667862273
736.5 1.269333738302119
737.0 0.4867713877080456
737.5 0.6768122223654406
738.0 1.0481351550620097
738.5 0.7804807824151618
739.0 0.7421140876890988
739.5 1.4895627724224934
740.0 1.211485840132596
740.5 0.46137214916448266
741.0 0.579723252893746
741.5 0.5420458673555166
742.0 0.6512442062214714
742.5 0.2
743.0 1.671625097636488
743.5 0.7529286816435132
744.0 1.030103405566432
744.5 0.6148010311739717
745.0 0.9868558853302425
745.5 0.8859388278605409
746.0 2.2886477084830594
746.5 1.058509626249987
747.0 1.2862875087585386
747.5 0.6708803409067083
748.0 1.8052348852096363
748.5 1.0695156365433571
749.0 1.2746170319021914
749.5 0.8155000604875864
750.0 1.1790302676187419
750.5 1.56878162998763
751.0 0.8293384473148697
751.5 0.4597248542676248
752.0 1.455493081835011
752.5 0.7907653225614539
753.0 0.6848566832733854
753.5 1.3596198086747588
754.0 0.7359513034854661
754.5 1.1654683906435737
755.0 1.4525817253705946
755.5 0.6691374546278442
756.0 0.6374560105040534
756.5 1.1797951506505413
757.0 0.4920412758340739
757.5 1.1136052815493893
758.0 0.8029188034186524
758.5 1.1195455876324107
759.0 0.7586103046617375
759.5 1.5395720087784366
760.0 1.8137914810441327
760.5 0.7031902579156539
761.0 1.0190138979059684
761.5 0.5612097163599892
762.0 1.0050618616312947
762.5 0.9713401848867005
763.0 1.0935189026965881
763.5 0.6677764310715226
764.0 0.8737313189519345
764.5 1.1328106994752982
765.0 0.951997366865568
765.5 1.029406593657287
766.0 0.7417844908415301
766.5 0.6248438187394332
767.0 0.5424985950966117
767.5 1.1529152103517428
768.0 1.0776816002470264
768.5 1.184346029316223
769.0 0.7263482144505117
769.5 0.7552142740331393
770.0 0.6765329138559956
770.5 1.2063132352839059
771.0 0.7353868855307222
771.5 1.2717915788655285
772.0 0.6064739092058669
772.5 0.8500147320368832
773.0 0.9532453501722495
773.5 1.6085825841378854
774.0 0.8210888475329388
774.5 1.2442074461689767
775.0 0.7076511080795893
775.5 1.304225774554635
776.0 1.155460937906148
776.5 1.236289915437137
777.0 0.5355903680810379
777.5 1.174384164526003
778.0 1.9217384896461183
778.5 1.1033135648031167
779.0 1.0508161064202692
779.5 0.6341691162339881
780.0 1.10243185086955
780.5 0.6108444150394567
781.0 1.5187864133505538
781.5 0.7442304245949074
782.0 0.4232459249875108
782.5 1.1548224255220623
783.0 1.6640677437017493
783.5 2.0451649012440023
784.0 1.1446915871618737
784.5 1.4706791489789897
785.0 1.3916096721341633
785.5 1.4141712489488754
786.0 0.8712249468170987
786.5 0.9501405293292253
787.0 0.2
787.5 0.8278434747073735
788.0 2.2094836226867387
788.5 0.7757739072673695
789.0 0.9441251718305566
789.5 0.5370679746252047
790.0 1.0476055561398905
790.5 0.9490786274005371
791.0 0.5864835229439654
791.5 1.0603346714802355
792.0 1.1374477179089983
792.5 1.3510821630821095
793.0 0.987285198821124
793.5 1.1715903903378302
794.0 0.7317254897760594
794.5 0.8977718575643692
795.0 1.83056363104421
795.5 0.6916653998138723
796.0 0.9155535519538393
796.5 0.5072319312956053
797.0 0.29872259250746425
797.5 0.4739561791341723
798.0 0.9862024035506125
798.5 1.5387146498094166
799.0 1.2592055626861924
799.5 0.46986686252379095
800.0 0.7829324296423958
800.5 0.6601902412185978
801.0 0.6949291225863339
801.5 1.0180645604957785
802.0 0.8973324986500881
802.5 1.1853034912599467
803.0 0.773927138206775
803.5 0.5286508213510099
804.0 1.0154637784778981
804.5 0.7401868986812923
805.0 0.5027180247703387
805.5 1.3658449300499833
806.0 0.7597031091249762
806.5 1.2865242758201267
807.0 0.8461347811983698
807.5 0.8132650547508097
808.0 0.6652065201439006
808.5 0.9638520364398873
809.0 1.336892154075466
809.5 0.6413626112106838
810.0 0.8509268774636191
810.5 0.6338417648278736
811.0 0.7400210907800424
811.5 1.45081634667212
812.0 1.4237877671656034
812.5 1.2085258705866042
813.0 1.2211660608114392
813.5 1.420088388274087
814.0 1.47935323715549
814.5 1.0211329243324365
815.0 0.7818942376013998
815.5 0.6515020577670121
816.0 0.6854670403446674
816.5 0.668633908115249
817.0 0.709510906843487
817.5 1.241923508721595
818.0 0.756180451697221
818.5 0.7894251012541629
819.0 1.229107887242698
819.5 1.240118664465089
820.0 1.6044604220937693
820.5 0.9792255120678931
821.0 0.7314346577224353
821.5 0.9801207375772378
822.0 0.7496314567224138
822.5 0.7198628339512408
823.0 1.0032647116301714
823.5 0.8770684642134343
824.0 0.5319978901038624
824.5 0.8436220630491591
825.0 0.7934080049053918
825.5 1.3283648001541637
826.0 0.9928866961806654
826.5 0.4500182091172873
827.0 2.0983091555187134
827.5 1.3545820651783216
828.0 0.42982307312694984
828.5 0.7602668156657002
829.0 0.61725961042061
829.5 0.5348007631721665
830.0 0.8223505001774185
830.5 2.1280992516794623
831.0 0.9754646630473232
831.5 0.9647902034429588
832.0 0.6983803088745777
832.5 0.835160536998463
833.0 0.9080914798913908
833.5 1.169154924102997
834.0 2.0477548979896265
834.5 0.9121756355322664
835.0 1.1917776123799455
835.5 0.6600721999504742
836.0 0.41580736367161963
836.5 0.9039218487516217
837.0 0.48657383392520925
837.5 0.9690636492257294
838.0 0.7295412503369129
838.5 0.87303743499933
839.0 1.1126882014949158
839.5 1.7904547602830818
840.0 0.7374733879332671
840.5 1.1640164132275843
841.0 0.2
841.5 1.0846554481335469
842.0 1.1524568812095741
842.5 0.6015151001052007
843.0 1.0173410308214326
843.5 1.0240762717847063
844.0 1.236852140063045
844.5 0.797912063502736
845.0 0.2
845.5 0.8225539787599863
846.0 1.1288844378954428
846.5 0.8403845098180127
847.0 0.6412275729932135
847.5 0.8801456302655265
848.0 0.9124526314432093
848.5 0.8871403490415689
849.0 0.7227364508613675
849.5 0.5501773854974294
850.0 1.2938513086775791
850.5 1.1759111512882487
851.0 0.7330416187507689
851.5 0.8450008750536941
852.0 0.9680331251523969
852.5 1.384260111682463
853.0 0.716209625719436
853.5 0.6290491192420171
854.0 0.886824600228173
854.5 0.5321175972537215
855.0 0.6519574987531134
855.5 1.4560365077900803
856.0 1.0955309801139108
856.5 1.1445983713652061
857.0 1.750097327050034
857.5 0.840878593313101
858.0 1.483133199810204
858.5 1.2005734198346483
859.0 1.0176549208334724
859.5 1.2059296727550373
860.0 0.9847025660081358
860.5 1.3818598872238528
861.0 1.0879548351888713
861.5 1.4554311593296245
862.0 1.3198365248932724
862.5 1.3523283528723722
863.0 0.8853952961415922
863.5 0.46677397456109326
864.0 0.5311693894162357
864.5 0.86684138499279
865.0 1.0930419394037674
865.5 1.010709607116424
866.0 1.142190204032741
866.5 0.2
867.0 0.7689195394242417
867.5 0.788466858325308
868.0 0.6895835405228397
868.5 1.7033778534711006
869.0 1.0300722383894247
869.5 0.831414491737152
870.0 0.9888974844053149
870.5 0.8783758263904153
871.0 0.5060974819221548
871.5 0.5145640677780253
872.0 0.8241176531528555
872.5 1.4125674765875433
873.0 1.0964650654435464
873.5 1.5537011632510795
874.0 1.978348256606671
874.5 0.8949136205949255
875.0 1.5009497925131918
875.5 1.063103896246425
876.0 1.581731899670662
876.5 0.7482921858596108
877.0 1.0406820719573178
877.5 1.0819614148046826
878.0 0.6054842659725007
878.5 1.0901499187518935
879.0 1.099695872624335
879.5 0.8181681464990106
880.0 1.2100204505457473
880.5 1.3245867164874805
881.0 1.1759002483679089
881.5 0.5659540975330895
882.0 0.6559102382511739
882.5 1.5731480946742376
883.0 0.8455162236816709
883.5 0.7029443747040993
884.0 0.9409581629042221
884.5 0.75854861549652
885.0 1.114359008635154
885.5 0.7470346596684143
886.0 0.7195152609152835
886.5 0.8333683708942281
887.0 0.7582149288158477
887.5 0.8117281785475676
888.0 0.8213945598638055
888.5 0.7526883353770779
889.0 1.7341868395340203
889.5 1.517951723082108
890.0 1.1516103113328144
890.5 1.000233221111745
891.0 0.6927802123420281
891.5 0.6911286380437576
892.0 1.3246105524177587
892.5 0.6865167607038976
893.0 1.4980215019781786
893.5 1.705964012386879
894.0 2.345215895565027
894.5 1.2414222456466475
895.0 0.5374094319711881
895.5 1.2961210160896437
896.0 0.7084304418045264
896.5 1.2054328957518314
897.0 0.7306174793506173
897.5 1.0500581810039158
898.0 0.6883631617796624
898.5 1.4408182130462999
899.0 0.8179493801971742
899.5 0.8310907290286728
900.0 1.0212136731210215
900.5 1.457265679511393
901.0 1.5476185148031338
901.5 1.3299011197313289
902.0 1.4254773898947692
902.5 0.9572908764761223
903.0 1.6249046172621946
903.5 0.7347122267235757
904.0 1.2204404510526634
904.5 1.023417074831634
905.0 0.6831234478721031
905.5 0.3627973964631823
906.0 0.5802868695190806
906.5 0.7066803706309432
907.0 0.5334249526380173
907.5 0.9539034018752718
908.0 1.2143266453687391
908.5 1.5859411482372647
909.0 0.828588341306273
909.5 0.8105515687674794
910.0 1.0062316757750591
910.5 0.6159363953960777
911.0 1.280668020741775
911.5 1.0498067777140125
912.0 0.7780462663664507
912.5 0.920675543105535
913.0 0.5364021540770657
913.5 0.6702815827917286
914.0 2.414296547444895
914.5 1.0633694580453814
915.0 0.8226758237479638
915.5 0.5729984388617733
916.0 0.8318378080714992
916.5 0.9119648084055118
917.0 1.4767956012772498
917.5 0.6623743747809041
918.0 1.1453172463723562
918.5 0.881521651480027
919.0 1.0510062208320132
919.5 0.8991077987508512
920.0 1.051407828408328
920.5 1.5913090368721141
921.0 1.4620692556446633
921.5 1.4626975063996812
922.0 0.8985818432595739
922.5 0.853769458705804
923.0 1.1656502147906456
923.5 1.0087198713305323
924.0 0.2
924.5 0.7341565165026613
925.0 1.4036631610279375
925.5 1.6536812200704483
926.0 1.3332493525475302
926.5 1.2762152827536921
927.0 1.0667938495784774
927.5 1.6477430857720856
928.0 1.3154294270518143
928.5 0.6879322265504422
929.0 1.5213019145884927
929.5 0.7145244231700973
930.0 0.7865709153052484
930.5 0.9554988580992707
931.0 0.9064082278565173
931.5 1.5205862431908361
932.0 1.357868779659873
932.5 1.1689325363230814
933.0 0.7032164711201231
933.5 0.7130071782890266
934.0 1.0281745787373067
934.5 0.7754109734656887
935.0 0.6332720370750853
935.5 0.8886734696773747
936.0 0.810444785192298
936.5 0.9589499638159309
937.0 0.9913466481677708
937.5 0.22426067646557657
938.0 1.347660444810478
938.5 1.2340491516378629
939.0 1.3993284297475872
939.5 1.2396201401301017
940.0 0.7320750897927175
940.5 0.918500020574942
941.0 0.5776752295706072
941.5 0.8268290424151976
942.0 1.6547080760151682
942.5 0.9882297307228592
943.0 0.6258384665319829
943.5 0.7060968969599739
944.0 1.0904556286151459
944.5 1.332869248978561
945.0 1.2064858490252726
945.5 0.866609812795161
946.0 1.0252290062135314
946.5 1.046812286151054
947.0 1.1711124005646885
947.5 0.8177219431501149
948.0 0.6656865156588636
948.5 0.9405512448955765
949.0 0.5955984797855791
949.5 0.7643884712193787
950.0 0.8505535860365843
950.5 0.38159107711135126
951.0 0.856141882192616
951.5 1.5377053872093598
952.0 0.9129899254711147
952.5 1.5152050514024378
953.0 0.8140001636737527
953.5 1.2759818255807653
954.0 1.0215125904692852
954.5 0.7103904132534926
955.0 0.44555137377090304
955.5 1.366320943142112
956.0 1.1581244612790824
956.5 0.8222785039203095
957.0 1.683943241729097
957.5 0.6475646917306681
958.0 0.9702367459614051
958.5 0.5540378665593464
959.0 1.8109714694269146
959.5 0.8288264728783035
960.0 0.9524255791978036
960.5 1.0672906044224357
961.0 0.7651025177105473
961.5 1.6142794447215012
962.0 1.613301712700188
962.5 1.0245409544777815
963.0 1.4614801325318991
963.5 0.8812609946231653
964.0 1.0906167473243418
964.5 0.6339195421412541
965.0 1.008662971615773
965.5 1.4021666245706499
966.0 1.3637117589552967
966.5 0.990601589718802
967.0 1.8649548997725702
967.5 0.6988697143883634
968.0 0.6949213999412007
968.5 0.7789216769130765
969.0 0.5762657785344982
969.5 1.137045394447543
970.0 1.276087739807692
970.5 0.4890052666370285
971.0 0.6608943770731894
971.5 0.7669234395073814
972.0 1.4378503713927633
972.5 0.6533867167600491
973.0 1.1263300908769482
973.5 0.7693804989731396
974.0 0.86916006547587
974.5 0.5859068840946291
975.0 0.7500331745544063
975.5 1.1985895496707575
976.0 1.0118057466524175
976.5 0.8716768049812909
977.0 0.6677944318607411
977.5 1.0623328274743096
978.0 0.7966551771580137
978.5 1.3984540024022762
979.0 1.0446128414486875
979.5 1.0268122841504919
980.0 1.2895910970337652
980.5 0.8558367247758296
981.0 0.8189332091691637
981.5 0.9770508396103125
982.0 0.8088953366633401
982.5 0.6531729957412234
983.0 1.1908275786602749
983.5 1.3628095380325362
984.0 0.6171342644492369
984.5 0.8493270038266006
985.0 0.8856048393235518
985.5 1.2332083877786713
986.0 0.8666418288659868
986.5 1.1616797177047855
987.0 0.9096317257461007
987.5 0.4031777029359428
988.0 0.7286079460132227
988.5 1.1659300287664693
989.0 1.98437637923073
989.5 0.44519917543612764
990.0 1.3635662469523884
990.5 1.951202932504363
991.0 1.0194203821489136
991.5 0.6803334734878919
992.0 0.4794809760990014
992.5 1.121184445043169
993.0 0.9836491555062902
993.5 1.4736502374124285
994.0 0.9586112510439837
994.5 0.6856746681407726
995.0 1.0127326514302035
995.5 0.432786066426634
996.0 0.8485683903811488
996.5 0.7542431968689322
997.0 1.2277355036187059
997.5 0.449617675345758
998.0 1.913026022113951
998.5 1.5362266612905113
999.0 1.322331053372769
999.5 1.277419245560504
1000.0 0.6662923721587686
1000.5 1.470121314203578
1001.0 1.240296530060491
1001.5 0.8233729248293689
1002.0 0.9561864610178511
1002.5 1.0779966497638784
1003.0 0.8562413062614298
1003.5 1.5253742166257913
1004.0 0.7090399469081035
1004.5 0.4760207825317915
1005.0 0.9511231857915661
1005.5 0.7278752193588456
1006.0 1.196308865119375
1006.5 0.9147303755885958
1007.0 0.5146012287400611
1007.5 0.8611761198600013
1008.0 0.7077530077426235
1008.5 0.931833541450749
1009.0 0.5690829346364144
1009.5 1.3417652846868342
1010.0 1.586624972709087
1010.5 1.3871414747902935
1011.0 1.1681929894769096
1011.5 0.8709859394188545
1012.0 1.01588884243747
1012.5 0.9805449110471292
1013.0 0.7218072771494367
1013.5 0.8926337769855379
1014.0 1.4716518553386804
1014.5 1.8654655549558035
1015.0 0.9336546601763572
1015.5 0.7610592750577251
1016.0 0.5471046812667497
1016.5 1.5363624670393428
1017.0 1.0933082768579132
1017.5 0.901141766508589
1018.0 1.4785671627573382
1018.5 1.5875731531331128
1019.0 0.5603052953481622
1019.5 0.8970965948406826
1020.0 0.7678890760122036
1020.5 0.5408012710289136
1021.0 0.8286064030465383
1021.5 0.5174719203327105
1022.0 1.6785942637399671
1022.5 0.837862232013307
1023.0 0.47971555528195947
1023.5 1.0256024672846888
1024.0 0.5064871914855724
1024.5 1.2573520951527284
1025.0 0.5952050572274652
1025.5 1.0929659280692738
1026.0 0.9103244469507082
1026.5 0.7110129410154534
1027.0 0.809261287406996
1027.5 1.206134472486995
1028.0 1.1960260173757127
1028.5 1.5305044203548905
1029.0 1.0901036979604055
1029.5 1.1016223497978141
1030.0 1.4066114002013892
1030.5 1.1127839240384028
1031.0 1.1092658963912565
1031.5 0.7190722056207782
1032.0 0.8858541998209241
1032.5 0.5211576394295412
1033.0 0.5077203260098822
1033.5 0.7108703767807503
1034.0 0.6414559406338717
1034.5 0.7449632997579314
1035.0 0.9434153785128339
1035.5 0.6313609140076866
1036.0 1.035816766982898
1036.5 0.825214654452889
1037.0 1.4326443446681973
1037.5 0.8900267361255595
1038.0 0.6819387500429757
1038.5 1.0019811457212104
1039.0 0.710868129887696
1039.5 0.9171894806034334
1040.0 0.8199500684518305
1040.5 0.6162818250931322
1041.0 0.6518904870574778
1041.5 0.5767366766177727
1042.0 0.6368096302295776
1042.5 1.6053407130830424
1043.0 0.8491638703278838
1043.5 0.8867112302825852
1044.0 1.0413440393119486
1044.5 0.8461113741152406
1045.0 1.7502652912379912
1045.5 0.5851417317842096
1046.0 1.0625193860295297
1046.5 0.8260947361427686
1047.0 0.8713894258160357
1047.5 1.0075192119015166
1048.0 0.3680460718281633
1048.5 1.0521982229194302
1049.0 0.31289726341381874
1049.5 1.2322029473464386
1050.0 0.9369256281364737
1050.5 0.6277118147466354
1051.0 1.5549658562712922
1051.5 1.0871528868714129
1052.0 1.8280771065025556
1052.5 0.9001157362238433
1053.0 2.2388940728511537
1053.5 0.887790827542771
1054.0 0.7524945354334821
1054.5 0.6113257543023713
1055.0 0.5802186767432461
1055.5 1.023866578100598
1056.0 0.8852826399597076
1056.5 0.6674957683164688
1057.0 1.2998600772523548
1057.5 1.5052461450757608
1058.0 0.7913562568324372
1058.5 1.2258491751703333
1059.0 1.0455107768140053
1059.5 1.3796830991575635
1060.0 1.2250421361612132
1060.5 1.4944690223472379
1061.0 0.6772704336815607
1061.5 0.6938305198639259
1062.0 0.8905261315982482
1062.5 0.8461014139255991
1063.0 1.089091208815789
1063.5 0.6609828746973738
1064.0 0.7345956589436393
1064.5 0.7491667732282468
1065.0 1.0838977830201502
1065.5 1.131659772339424
1066.0 0.9034758005520498
1066.5 0.6738978312837332
1067.0 1.5148924130030017
1067.5 0.9333077903879602
1068.0 1.0539411096100513
1068.5 0.8811768882428213
1069.0 1.0004325759267227
1069.5 1.1790905524590038
1070.0 0.515004465629435
1070.5 0.948291778384001
1071.0 1.004209271386568
1071.5 0.5261402951390448
1072.0 1.3964937601382807
1072.5 0.7294413667576042
1073.0 0.8582554873561105
1073.5 0.6179221814858669
1074.0 0.7381884176722777
1074.5 0.6084875973410486
1075.0 1.011809200587009
1075.5 0.543529818035833
1076.0 0.6752890292326591
1076.5 1.1004508415866177
1077.0 1.1731711069205601
1077.5 0.8989673402031275
1078.0 1.1703176176175099
1078.5 1.9908069953619894
1079.0 0.7427243554171619
1079.5 1.0451951993832735
1080.0 1.600883195131451
1080.5 1.5962415112222479
1081.0 0.9509541287127844
1081.5 0.45711151554022017
1082.0 0.9512438484481313
1082.5 1.3378177029437412
1083.0 1.0247007954275356
1083.5 0.8040848873273985
1084.0 0.5669304893010706
1084.5 0.9777669384732761
1085.0 0.3509041519661681
1085.5 1.5213658210389744
1086.0 0.9568485913654304
1086.5 1.3782532072663618
1087.0 0.6545611114597814
1087.5 0.8079941467012479
1088.0 1.0269559243048851
1088.5 1.665527985067385
1089.0 0.7054957033452652
1089.5 1.044047135087963
1090.0 0.9780474901037102
1090.5 0.4552994597401787
1091.0 1.3364305157572112
1091.5 1.240558433962257
1092.0 0.9462608441911078
1092.5 0.8107476359025794
1093.0 0.9411132070904741
1093.5 1.073263856454805
1094.0 0.5532826500203141
1094.5 0.7767935390706528
1095.0 0.7763921416261301
1095.5 1.0489193214108725
1096.0 0.9828172827671411
1096.5 1.4746772290063148
1097.0 1.0784362480172924
1097.5 0.6775278811612667
1098.0 0.8332339458863223
1098.5 0.8412419046600039
1099.0 0.7546888649601469
1099.5 1.176590339640605
1100.0 0.8175784510740757
1100.5 0.7447561444286088
1101.0 0.9254064843688216
1101.5 0.6758091478478997
1102.0 1.2385600480182846
1102.5 0.6333082117945047
1103.0 1.1433484668167755
1103.5 1.210632605138249
1104.0 1.4870833138005293
1104.5 0.8369708416054553
1105.0 0.949283156902874
1105.5 1.0342599945157542
1106.0 0.8199466058902214
1106.5 1.0266400885424605
1107.0 0.483097347805344
1107.5 0.6112586829308577
1108.0 0.8050607378177357
1108.5 0.8726440951289562
1109.0 1.3046184783908732
1109.5 0.34435082055981936
1110.0 0.5951477548630989
1110.5 1.083982814137784
1111.0 0.9184863685559301
1111.5 1.318474990670024
1112.0 1.465418480075391
1112.5 1.636173746463359
1113.0 0.8815734321444003
1113.5 2.051829332205538
1114.0 1.8654358619242788
1114.5 0.732353234445891
1115.0 1.4089684002456586
1115.5 0.9536870275433748
1116.0 1.1719625054492795
1116.5 0.5890893931062228
1117.0 1.7297781854001655
1117.5 0.8226237879486437
1118.0 1.1462808845138093
1118.5 0.7738020287806696
1119.0 1.1621685155309904
1119.5 1.6013923789588036
1120.0 1.5093711751864527
1120.5 0.8655394142026798
1121.0 0.8972143944452264
1121.5 1.1796015737342112
1122.0 1.4602952043627648
1122.5 0.9561721530957428
1123.0 1.0746056083850588
1123.5 1.263827650583817
1124.0 0.4185145992497996
1124.5 0.9260760983929597
1125.0 0.8688964957355796
1125.5 1.5228805742892395
1126.0 0.3586653933715981
1126.5 1.2510058957168526
1127.0 2.2457790215662587
1127.5 0.6182930493374093
1128.0 0.7200562004114928
1128.5 1.5046056076111114
1129.0 1.2356883966565144
1129.5 1.355338611920366
1130.0 1.445486320533734
1130.5 1.6142366617547435
1131.0 1.2001056549336515
1131.5 0.9027469232318263
1132.0 1.2487192054566
1132.5 2.7374234399282047
1133.0 0.7959427717509169
1133.5 0.9755259682848506
1134.0 0.7961752171006798
1134.5 0.7015007134509078
1135.0 0.9464239585238979
1135.5 0.8327188900511002
1136.0 1.0258985190205832
1136.5 1.8495319921852973
1137.0 1.1673637247587039
1137.5 0.6613700655788081
1138.0 0.3933572619883653
1138.5 1.0845010181934
1139.0 1.2434973841601367
1139.5 0.8056443961777888
1140.0 1.224861607742727
1140.5 1.0174222447830314
1141.0 0.8182685271126303
1141.5 0.3504177736008458
1142.0 0.9611223501649286
1142.5 1.3365869756552167
1143.0 1.0211129201973381
1143.5 0.2
1144.0 1.3703165648446358
1144.5 1.1319241212352027
1145.0 0.691559312960877
1145.5 0.7565285529290132
1146.0 0.6417808341062217
1146.5 0.9339282741490551
1147.0 0.6163167184143573
1147.5 1.440796066088679
1148.0 0.9724690596550978
1148.5 1.04044738315369
1149.0 1.4987576510750897
1149.5 0.4781564589903211
1150.0 1.8094774518358863
1150.5 0.8255372671691831
1151.0 0.7098819236614184
1151.5 0.6081276488679648
1152.0 0.8739637391054542
1152.5 0.8475068880628381
1153.0 0.7481717911729855
1153.5 0.7029448028398797
1154.0 1.1292897529591115
1154.5 1.7447311057171309
1155.0 0.6274376546602847
1155.5 0.5910598365900521
1156.0 0.8799148580839573
1156.5 0.8382403368877832
1157.0 1.3849580021304937
1157.5 0.8027585357612865
1158.0 0.6146698676326734
1158.5 1.0153673604334124
1159.0 1.4745144693479397
1159.5 1.0536995274717698
1160.0 0.8173500747586588
1160.5 0.612160365980706
1161.0 0.8578755382879344
1161.5 0.673685327885681
1162.0 1.430276806908601
1162.5 0.5026336947299933
1163.0 0.624576797056053
1163.5 1.1715033029914381
1164.0 0.876175714329379
1164.5 1.1462812348382132
1165.0 0.3625547683091247
1165.5 0.6886590050951811
1166.0 0.6948971027986701
1166.5 0.9301898889954908
1167.0 1.0049642593600416
1167.5 1.6151405857380405
1168.0 1.0845620035501158
1168.5 0.3521496667727735
1169.0 0.633307943396872
1169.5 1.114926400535357
1170.0 0.8238716125632572
1170.5 1.7821545660546239
1171.0 1.3880189996945356
1171.5 0.7076184468422542
1172.0 0.5481738932024954
1172.5 1.1017335867051707
1173.0 1.4470756531517739
1173.5 1.778962507908461
1174.0 1.1237419556988923
1174.5 0.946528519028655
1175.0 0.7016976256612929
1175.5 1.7024986512003673
1176.0 0.9461501433739725
1176.5 1.4224299239326688
1177.0 1.8399168915055286
1177.5 0.9285158797217519
1178.0 1.2838962442914985
1178.5 1.3979600137435988
1179.0 1.465055796114104
1179.5 1.0222941783940764
1180.0 1.111321567547444
1180.5 2.1178717169078256
1181.0 0.3998917595110545
1181.5 0.7002063194603251
1182.0 1.7635012579407152
1182.5 0.9907581544704703
1183.0 1.2570384992392967
1183.5 1.8487196715260406
1184.0 1.2717344630538632
1184.5 0.7084093800700706
1185.0 0.8015135299296035
1185.5 0.9581152153565651
1186.0 0.833868153001547
1186.5 1.4271816218690525
1187.0 0.9222707942692682
1187.5 1.3574404608080775
1188.0 0.5356721613268896
1188.5 1.503486043904184
1189.0 0.9059617216175263
1189.5 1.0753112687469484
1190.0 0.9081740144657979
1190.5 0.7530730260646112
1191.0 0.4765366999173752
1191.5 0.9670405135445026
1192.0 0.793489903892446
1192.5 1.0069847259360385
1193.0 1.3556791537095059
1193.5 0.7939447204395977
1194.0 1.1526781908977621
1194.5 0.6712827220730716
1195.0 0.912436664205284
1195.5 0.8695828571812523
1196.0 0.5738741727229831
1196.5 0.7941732035974507
1197.0 0.5505131864437612
1197.5 1.0373242628590247
1198.0 0.7098351162626294
1198.5 1.1510072251587364
1199.0 0.9791208579324061
1199.5 0.7661643653930615
1200.0 0.5951613116114596
1200.5 1.1746245178854438
1201.0 0.8674964609231414
1201.5 0.8238676769292258
1202.0 0.7376194099411728
1202.5 0.9130096726031799
1203.0 0.8467093265629247
1203.5 0.9736984949965
1204.0 0.9778888250284478
1204.5 1.1167170365921093
1205.0 0.7442165900964661
1205.5 0.7685482649723288
1206.0 1.1269822340159945
1206.5 0.7796835674389845
1207.0 1.554815234929022
1207.5 1.7516172412250937
1208.0 1.9172984425739115
1208.5 1.3215192966412284
1209.0 0.8429902518813248
1209.5 0.6431575411339377
1210.0 0.9840768244089848
1210.5 1.3725344238752217
1211.0 0.8674238592597933
1211.5 0.955866935293963
1212.0 0.7390965912766322
1212.5 1.6549495236245837
1213.0 0.8328923478464986
1213.5 0.789830012079336
1214.0 1.1778835144904019
1214.5 1.0176102447996658
1215.0 1.7187233199989667
1215.5 0.8101505828114712
1216.0 1.4513570457977178
1216.5 1.2172707576133575
1217.0 0.314115821362396
1217.5 1.380395009599272
1218.0 0.6693902019152249
1218.5 1.451839159997713
1219.0 0.923023853668432
1219.5 1.086095525453033
1220.0 0.8664162528914326
1220.5 0.7440798779050443
1221.0 1.5119167612821884
1221.5 0.8660977234260531
1222.0 1.452365680336221
1222.5 0.8762205037434343
1223.0 1.2494801392470731
1223.5 1.0987089600435533
1224.0 0.7279834458958565
1224.5 0.8765126972145142
1225.0 0.5366514171972107
1225.5 0.6241456753616164
1226.0 0.8416941629764977
1226.5 1.1045297191081145
1227.0 1.0499996108417873
1227.5 1.5575935826264433
1228.0 0.697038194624723
1228.5 0.8065866336457077
1229.0 1.6248721119527998
1229.5 0.5364623387120251
1230.0 1.125038413617668
1230.5 0.7297085799223695
1231.0 1.5006873394680342
1231.5 0.908992372890455
1232.0 0.9968722080316264
1232.5 0.5685548554784211
1233.0 0.8987746857314545
1233.5 1.7483197701970044
1234.0 0.6049808980474398
1234.5 1.093144240499154
1235.0 0.6713938954224009
1235.5 0.6304409850594683
1236.0 0.8143300834942084
1236.5 1.2200601221422218
1237.0 0.8516803079927424
1237.5 1.0582526618566326
1238.0 0.9229633585807123
1238.5 0.7261811268794821
1239.0 1.0932355326133236
1239.5 1.0664049868880376
1240.0 0.9106038727123933
1240.5 2.0016114996461654
1241.0 1.035411091094872
1241.5 1.0361936797436109
1242.0 1.0335544768962808
1242.5 0.7583589702792677
1243.0 1.0894093762503807
1243.5 1.3846054073156289
1244.0 0.611683472030239
1244.5 1.5663710746705277
1245.0 1.2986949798546972
1245.5 1.1237132247093409
1246.0 1.0523539838183393
1246.5 0.9822236182669596
1247.0 1.5047391525415512
1247.5 1.0464172296572154
1248.0 0.7898998845599203
1248.5 0.7257553292121279
1249.0 0.6144252428478557
1249.5 1.0195273946074683
1250.0 1.132184831728154
1250.5 0.2
1251.0 2.1912530466300506
1251.5 1.3565650196322285
1252.0 1.0559804249033282
1252.5 0.7735175996603405
1253.0 1.5057731162498125
1253.5 0.8817966249257169
1254.0 0.9887260097680174
1254.5 0.9076516299202174
1255.0 1.0355049362112188
1255.5 1.6282336589661948
1256.0 1.4959206187061875
1256.5 0.8668075860415029
1257.0 0.8921068690309897
1257.5 0.4925913474376069
1258.0 1.148480842856936
1258.5 0.8084579766304276
1259.0 0.893211700545314
1259.5 1.1273259875791166
1260.0 1.5048390230969662
1260.5 1.56915256371967
1261.0 0.6963228758283566
1261.5 0.6917703333406239
1262.0 1.5049603875570363
1262.5 0.6865743319565667
1263.0 0.8390904690063199
1263.5 1.301173088110191
1264.0 0.7661686696686494
1264.5 1.1094291032438037
1265.0 1.1122954684768818
1265.5 0.8216488022083726
1266.0 0.506534210611849
1266.5 0.4143508774602176
1267.0 0.8673488308704678
1267.5 0.9783838139880262
1268.0 0.6832394559175924
1268.5 1.119293732119654
1269.0 0.6868495700943014
1269.5 0.76493344902717
1270.0 0.6991391158784053
1270.5 0.7215453316006525
1271.0 0.2
1271.5 1.4718933950073598
1272.0 0.577200906332813
1272.5 1.6313827604717077
1273.0 0.9088119617656749
1273.5 1.1034562455641757
1274.0 0.8586156915483754
1274.5 0.41414448805096904
1275.0 1.2446323383032856
1275.5 2.026759304843766
1276.0 1.0371256223101029
1276.5 1.708186115679922
1277.0 0.964701915791302
1277.5 1.0668671571303618
1278.0 1.2407362458586917
1278.5 0.8151634102105465
1279.0 1.321874417113676
1279.5 0.74231007322162
1280.0 0.6821427429190261
1280.5 1.3201205567872982
1281.0 0.7179692821743957
1281.5 0.8707434782905294
1282.0 0.24084924007590514
1282.5 0.5820859204358768
1283.0 0.8193545296494936
1283.5 2.3203763807617928
1284.0 1.4018084232887444
1284.5 0.8677392682602909
1285.0 1.593969981752549
1285.5 0.6631826974424452
1286.0 1.1077640843004435
1286.5 0.3354361564115741
1287.0 1.1058574531707985
1287.5 1.746612414421246
1288.0 0.8413222240303552
1288.5 1.043517130329251
1289.0 0.6409760498324317
1289.5 1.2207053056482602
1290.0 0.5182696572453098
1290.5 0.27598606742112053
1291.0 0.379640610549292
1291.5 0.5098629150190962
1292.0 0.4650073894723735
1292.5 0.8936538818467697
1293.0 0.8721824154102192
1293.5 1.0445680213599395
1294.0 0.7165154281593159
1294.5 0.8325136967044281
1295.0 2.5743496394257632
1295.5 0.9495058475890403
1296.0 0.7076043523720918
1296.5 0.9163160252586027
1297.0 1.048795265188545
1297.5 0.9191041181048702
1298.0 0.6735264286031604
1298.5 1.0177394522677647
1299.0 0.8278156682346686
1299.5 1.8767255104052225
1300.0 0.9007453935113204
1300.5 0.5127867013131636
1301.0 0.8269363253871933
1301.5 0.7316372076465651
1302.0 0.8262220277667636
1302.5 0.9216133698821893
1303.0 0.8023953628728897
1303.5 0.5401345391883082
1304.0 0.5386394549998851
1304.5 0.6339697561022452
1305.0 0.9479697578777853
1305.5 0.4181004615869903
1306.0 0.9170484447131528
1306.5 1.413059631517275
1307.0 0.2
1307.5 1.1045505634252282
1308.0 1.8055142335336742
1308.5 1.2194137196612425
1309.0 0.3002131124426912
1309.5 1.6098092687276049
1310.0 0.970287291804603
1310.5 0.9526731677359506
1311.0 0.5725226329177672
1311.5 1.0894071422769365
1312.0 1.076139486962578
1312.5 0.5977075099408664
1313.0 0.7291418163196561
1313.5 0.922322805127135
1314.0 0.609876357278222
1314.5 1.1920637684629023
1315.0 0.66276673890234
1315.5 1.373162505369236
1316.0 0.8167916184029911
1316.5 0.6916526678030338
1317.0 0.7907141184902491
1317.5 0.7998696448037794
1318.0 1.1257154391282271
1318.5 0.7757896001642556
1319.0 0.9719653560476377
1319.5 0.7427512241687861
1320.0 0.5482125180153609
1320.5 1.229868608224462
1321.0 0.9039561250153999
1321.5 0.6548478099260924
1322.0 0.9778271763465418
1322.5 2.1662114152433793
1323.0 1.4249396335387368
1323.5 0.5392435217712843
1324.0 1.2600879342659157
1324.5 0.9329829158756222
1325.0 0.32548444933074283
1325.5 0.4311682679738704
1326.0 0.9382238607294288
1326.5 1.4177016756837415
1327.0 0.5127016185993812
1327.5 0.5684115070779409
1328.0 0.7787096582877294
1328.5 1.4891374358010627
1329.0 1.2899996098567494
1329.5 0.831496068077602
1330.0 0.9433625035274663
1330.5 1.3787256483001
1331.0 0.9483416779387933
1331.5 0.8450182825272258
1332.0 0.8503115280350724
1332.5 0.6893046244624382
1333.0 1.3363048467211833
1333.5 1.178882058315291
1334.0 2.1273399565099744
1334.5 0.9259130240867517
1335.0 1.7810382770874194
1335.5 1.155034754140662
1336.0 0.8552712440478301
1336.5 0.7779848456394981
1337.0 0.7367030554823313
1337.5 0.851662930829611
1338.0 1.6761175210867272
1338.5 0.8923549002663566
1339.0 1.1930177052068665
1339.5 1.3244138145708964
1340.0 0.7575502338783263
1340.5 0.9478798295880226
1341.0 0.6017794316287959
1341.5 1.1617386222716328
1342.0 0.23248469956930962
1342.5 1.3617568600247836
1343.0 0.8787356682723659
1343.5 0.5959609157220707
1344.0 0.6941401662733538
1344.5 0.7620488866113669
1345.0 0.7571914007919729
1345.5 0.751713866219798
1346.0 1.061392546216581
1346.5 0.66072972974186
1347.0 1.5833180165516882
1347.5 0.27632818516190993
1348.0 1.090189964523772
1348.5 0.9954673409586493
1349.0 0.7982534814475601
1349.5 1.3992052401836657
1350.0 0.6859659881762232
1350.5 0.9907518451397179
1351.0 0.8490556250054935
1351.5 1.628054749114515
1352.0 0.9422508697315652
1352.5 0.5481353113403629
1353.0 0.5281905711013
1353.5 1.2508518830005144
1354.0 0.8544155066137435
1354.5 1.1412033705670965
1355.0 1.652657763391621
1355.5 1.3236834599618628
1356.0 1.3101293071815816
1356.5 0.6661665154893981
1357.0 0.969911927006268
1357.5 0.6283306581049386
1358.0 0.9413133559618525
1358.5 0.6090075344218296
1359.0 1.5075238904331525
1359.5 1.410193404146829
1360.0 1.500037189476017
1360.5 1.226489809399892
1361.0 0.9941638793158104
1361.5 0.9359615544462695
1362.0 0.25319249435825586
1362.5 1.363531273775005
1363.0 1.462306261338112
1363.5 1.168958575548377
1364.0 0.6380000664800397
1364.5 1.2741280953442145
1365.0 0.7055896989369231
1365.5 1.8907328987131415
1366.0 0.6274470093241324
1366.5 0.7535212057912032
1367.0 0.8023295775871739
1367.5 1.796083909123714
1368.0 1.4204012045131293
1368.5 1.352095198395664
1369.0 1.3347512043360827
1369.5 0.6778803958820157
1370.0 1.054090083068099
1370.5 0.7092161587976905
1371.0 0.4530529090597072
1371.5 1.324615490530911
1372.0 0.8422486205226878
1372.5 1.1245519986411043
1373.0 1.051446023908237
1373.5 0.674008282095219
1374.0 0.6088001170741348
1374.5 0.9724065471006945
1375.0 0.9556937993367781
1375.5 0.6713403501522739
1376.0 0.59761987392753
1376.5 1.2422935562626316
1377.0 1.0411828900073985
1377.5 1.5580851455748896
1378.0 1.1524665071846263
1378.5 1.6855885453760604
1379.0 0.7214524301793513
1379.5 0.3985388819856911
1380.0 1.052000709384672
1380.5 1.2125720944790186
1381.0 0.9105782557071928
1381.5 1.3046016876101922
1382.0 1.3679556489075897
1382.5 1.1116609628275587
1383.0 0.8756423621159484
1383.5 0.7127795399998326
1384.0 0.45077025826464134
1384.5 0.9613299586319843
1385.0 0.5631879803170853
1385.5 0.8012670548854064
1386.0 0.751354914741688
1386.5 0.8388807295807891
1387.0 1.4711723373955987
1387.5 0.7981569793446833
1388.0 0.9589339322303083
1388.5 1.6360562716504403
1389.0 0.9027381880158543
1389.5 0.8693271122619943
1390.0 0.9313826107989145
1390.5 0.5510573677090458
1391.0 0.7829266990296461
1391.5 0.7529210861982332
1392.0 1.341893487701991
1392.5 0.602416037122742
1393.0 1.4395673408670575
1393.5 1.3273419560687028
1394.0 0.7650472765585001
1394.5 0.8908761528883403
1395.0 1.3586779775298512
1395.5 0.4242469035200994
1396.0 1.4585473175725445
1396.5 0.2
1397.0 0.6877013139662671
1397.5 1.2988711392123309
1398.0 1.1143281814495851
1398.5 1.231204228348291
1399.0 0.45116018547560116
1399.5 0.7021155424764514
1400.0 0.5845071787398255
1400.5 0.6718777367153355
1401.0 0.6878696466413416
1401.5 0.38706077272486683
1402.0 0.698143494042704
1402.5 0.6370581381748995
1403.0 0.5017916404290164
1403.5 0.8222113362940704
1404.0 0.6871077125281784
1404.5 1.2451861102718649
1405.0 0.7634200506260675
1405.5 1.3189980310836917
1406.0 1.442782439844867
1406.5 0.9961026484516101
1407.0 1.187006890720319
1407.5 0.897362119973673
1408.0 0.8641035190158703
1408.5 1.1524746582497496
1409.0 0.7053292499568783
1409.5 0.7333883546938877
1410.0 0.8382231731729981
1410.5 1.4724371157135656
1411.0 0.8185325175915024
1411.5 0.8712222605575222
1412.0 1.5589527253737285
1412.5 0.7518764040582082
1413.0 0.9019340359937948
1413.5 0.7517053028854372
1414.0 0.7643940349186007
1414.5 1.5527057492115377
1415.0 0.7120846357511298
1415.5 0.8321153788116478
1416.0 0.8226630214430337
1416.5 0.8090331348631965
1417.0 0.9262901580118307
1417.5 1.1357815803321976
1418.0 1.7711884657647858
1418.5 1.047343187227035
1419.0 0.7111489867607974
1419.5 1.0578046513240031
1420.0 1.1497543051861798
1420.5 0.8191534890997718
1421.0 1.00494186722484
1421.5 1.1628414434296732
1422.0 1.083333890912569
1422.5 0.7076771976570124
1423.0 0.6670713383675388
1423.5 0.9640659407619514
1424.0 0.9932840253679818
1424.5 1.0618839007249647
1425.0 0.6747079069700125
1425.5 0.7875193042970814
1426.0 0.5837173578139255
1426.5 0.9754969151020682
1427.0 0.5855113185852444
1427.5 0.771881094140312
1428.0 1.173582333898847
1428.5 1.1317789053125384
1429.0 0.8347119614680212
1429.5 0.9498071027211656
1430.0 0.7383710479704986
1430.5 1.2938379079966078
1431.0 0.751389749511979
1431.5 0.9692414050427453
1432.0 0.6368781568428614
1432.5 1.1805851231584996
1433.0 0.9057396428736234
1433.5 0.8590158180841208
1434.0 0.9999515212832519
1434.5 0.6988438556920793
1435.0 1.5010283287052464
1435.5 0.7782377888764865
1436.0 1.1716564316125548
1436.5 0.9577069666694153
1437.0 1.9382195153623836
1437.5 0.7303366017844317
1438.0 1.546236897218961
1438.5 0.6701504362639022
1439.0 1.022107683473509
1439.5 0.8063023864932708
