0 0.9342554065799286
0.5 0.662797739537758
1.0 0.9241961682570748
1.5 0.8210249437962214
2.0 0.4633559650307705
2.5 0.7245660829391479
3.0 0.8282548145280821
3.5 1.727841309534546
4.0 1.1796101624694777
4.5 1.1822256056012286
5.0 1.062444340997052
5.5 0.8944399896807048
6.0 1.152119157528492
6.5 0.7967237633035567
7.0 1.0904752972281795
7.5 1.266996285651581
8.0 0.4780579938667128
8.5 0.7127488927119161
9.0 0.7895276736122228
9.5 0.6152146246463817
10.0 1.3158344281794319
10.5 1.5450535890403616
11.0 1.3046396575011658
11.5 0.779828538202229
12.0 0.8917509600476634
12.5 0.8031859262863963
13.0 0.997706011955619
13.5 1.057571323324453
14.0 0.38257393070431167
14.5 1.1826782492294576
15.0 0.9269008150869745
15.5 1.4337775929461167
16.0 1.300603099767513
16.5 1.0018264226340572
17.0 1.5428485946905308
17.5 0.5958030597878232
18.0 1.111726391008475
18.5 1.1693451577989928
19.0 0.2
19.5 1.0089925677549194
20.0 0.6604702742311961
20.5 1.0317771075206927
21.0 1.1381995240380955
21.5 1.6068744971275284
22.0 0.8233206464636181
22.5 1.5898524251566495
23.0 0.7014281715715092
23.5 0.8474315212489318
24.0 0.722465875941773
24.5 0.8642763411008704
25.0 0.7959923679394911
25.5 0.6984218245474243
26.0 1.3580819098664496
26.5 1.1616066589362868
27.0 1.847992357350972
27.5 1.309668347670764
28.0 1.1105494585909415
28.5 1.720228176907771
29.0 1.0597959483506383
29.5 0.7284012644836675
30.0 0.6529614156084995
30.5 0.7459022981515014
31.0 1.214542110603624
31.5 0.8615809283562467
32.0 1.0044962991913047
32.5 1.1768934154864068
33.0 0.4226076503643773
33.5 1.3975981851959927
34.0 0.6511715904698875
34.5 0.5585414386146444
35.0 1.1062103057422217
35.5 2.048605378047342
36.0 1.6143583336707672
36.5 1.4403160836421471
37.0 1.3798401933545916
37.5 0.7836758561249176
38.0 0.965105867741457
38.5 0.3074311597641195
39.0 0.5545860556072992
39.5 0.6485553218399113
40.0 0.8753625116486672
40.5 0.6709542180313275
41.0 0.9392743051144479
41.5 1.0981802459925107
42.0 1.0954700912200819
42.5 0.4571435063619695
43.0 0.6589980277535847
43.5 0.5135647568395079
44.0 0.8866515711513063
44.5 1.2746961058897983
45.0 0.7073815778510086
45.5 1.6081342680244104
46.0 0.6759046802751165
46.5 1.0224320306558412
47.0 0.7965372031457078
47.5 0.9563263793424348
48.0 1.2531915843479746
48.5 1.148841802199438
49.0 1.1838754482619698
49.5 0.8696532462395105
50.0 1.6253909881978328
50.5 0.7659479327360533
51.0 0.7023370784286762
51.5 1.1566444184198774
52.0 1.5086467043472942
52.5 2.452159120001541
53.0 0.6770585754985345
53.5 1.456846207495297
54.0 0.7423965198440109
54.5 0.6092815645420903
55.0 2.064414179890423
55.5 1.6368297794084699
56.0 1.4504024795290515
56.5 0.9490448518188864
57.0 1.0642529875610194
57.5 1.0449202294685118
58.0 1.855009862276893
58.5 0.7359343430373383
59.0 1.9976262331596737
59.5 0.948945427105336
60.0 0.5650848065979581
60.5 1.2235709252685028
61.0 1.8073859102188288
61.5 1.0099801162411701
62.0 1.5950988684041563
62.5 0.5942577659131332
63.0 0.7245299697588812
63.5 1.5446569036709703
64.0 1.652682082619763
64.5 1.3946954281814312
65.0 0.5090016060809717
65.5 0.46378411457318763
66.0 1.6562773009145983
66.5 0.8592625041293677
67.0 1.140337065192666
67.5 0.631514308938768
68.0 1.3507449919364634
68.5 0.6634070308712021
69.0 0.5502174897105259
69.5 0.9025032190509173
70.0 0.8474086027959351
70.5 0.9401499240570536
71.0 0.4660215760885955
71.5 1.2498992162459597
72.0 1.5296998982569845
72.5 0.7461677993587299
73.0 1.5984686206122274
73.5 0.7893800002348468
74.0 0.5311947455112022
74.5 0.8573875356088496
75.0 1.2768770603920885
75.5 1.2759673242905034
76.0 1.6675087264046926
76.5 0.6554205895916481
77.0 1.1903884650135654
77.5 0.7649304603238009
78.0 0.9220726314396638
78.5 0.6876357866411864
79.0 0.6247194965957255
79.5 0.7084631407780119
80.0 0.6371548209976488
80.5 1.0184616722004651
81.0 0.8177566807097941
81.5 1.440819106001768
82.0 1.1878733985886027
82.5 0.836240333805992
83.0 1.4854349921312338
83.5 1.2564995425100332
84.0 0.9065495927489272
84.5 1.837137966940169
85.0 1.9841851040740535
85.5 1.3315623216152974
86.0 0.8269433926581615
86.5 0.7210903156049215
87.0 0.7415975517875191
87.5 1.4622323305615543
88.0 1.2795246762414796
88.5 0.7867804390020093
89.0 1.1520126520857925
89.5 0.740467297062247
90.0 0.5896960741244173
90.5 0.8900062964966545
91.0 0.7102369061534833
91.5 1.5065599474757256
92.0 0.9233961923962573
92.5 0.6504924914850113
93.0 1.044151719067782
93.5 1.0142569312843381
94.0 0.56223681382083
94.5 0.851064268870545
95.0 1.4419821518267057
95.5 0.8036993913484465
96.0 0.989246539777869
96.5 0.9536673046332214
97.0 0.47218654931934206
97.5 0.772647755971962
98.0 0.6835942281002209
98.5 1.6974106990731221
99.0 1.3522470190031979
99.5 2.015966159654631
100.0 1.86877262245055
100.5 0.9797416026101275
101.0 0.7481941583726104
101.5 0.6764930462432424
102.0 0.5611161409062497
102.5 0.5847829095038094
103.0 1.1173455303365285
103.5 1.015604273866848
104.0 0.6471676966796529
104.5 0.7985720131347626
105.0 0.8660797025705458
105.5 0.6870943803450912
106.0 1.213193706067022
106.5 1.1061431155675197
107.0 0.880483185619247
107.5 0.8803775772341647
108.0 0.5441384444818333
108.5 0.7246082776855849
109.0 0.2
109.5 1.1557051958561204
110.0 1.1567867212122283
110.5 0.8084528460137492
111.0 1.233197616658403
111.5 0.8056907301409395
112.0 1.271271623259961
112.5 0.8326631093634611
113.0 0.8911699342219497
113.5 1.214802666762952
114.0 0.7953301880914105
114.5 1.128882676717391
115.0 0.9979054744788012
115.5 1.0776631657060558
116.0 0.8878969072508557
116.5 1.642207428786144
117.0 0.8646897658022312
117.5 0.9775749081486965
118.0 0.30149047804722195
118.5 0.9766875491565216
119.0 0.814456591911089
119.5 0.6918472772158913
120.0 0.6929424238322246
120.5 1.2597829537699807
121.0 0.8165576394408335
121.5 0.8153657174330116
122.0 1.2218079709653846
122.5 0.9692960301356028
123.0 1.3085046799504392
123.5 0.9036815733300783
124.0 0.7893694614626368
124.5 0.7016962649809186
125.0 1.4536838050259284
125.5 1.154420511694178
126.0 0.7685715389612767
126.5 1.0025362037483996
127.0 1.3582583457565955
127.5 0.7639584026212309
128.0 1.3625178483020837
128.5 0.7957930884343184
129.0 1.1914547258124353
129.5 0.738701034029056
130.0 0.9275230270862197
130.5 1.2962078307387976
131.0 1.268129797736595
131.5 0.9580417680355562
132.0 0.9133127629672153
132.5 1.7831690625136072
133.0 1.196845124116883
133.5 0.907574241413399
134.0 0.9168377444438994
134.5 0.6877244022529566
135.0 0.6142088527457441
135.5 0.6915644463076833
136.0 1.8930196940363007
136.5 1.0556430834546755
137.0 0.6113176478573142
137.5 1.0648737774464074
138.0 1.8063294201889324
138.5 0.6244624079183275
139.0 0.9910264354354306
139.5 1.0843440314360033
140.0 0.6427783250534207
140.5 1.5585876481479746
141.0 0.4618448775691817
141.5 1.6290020036779926
142.0 0.680397023700303
142.5 1.2714661403063432
143.0 0.878711764180948
143.5 1.3805955555924028
144.0 1.4298879209809818
144.5 1.585162789383685
145.0 0.9296549374903196
145.5 0.8292223807280109
146.0 0.6444803115284182
146.5 0.8940448767954899
147.0 1.1764413414034727
147.5 0.9262409490459034
148.0 1.2539996184851931
148.5 1.0195616778358887
149.0 0.896437307015945
149.5 1.1361258434768595
150.0 1.648025921418494
150.5 1.010286501620617
151.0 0.7790889872176715
151.5 1.2309723726601256
152.0 1.4547644034063483
152.5 0.6617339085155746
153.0 1.077701578130297
153.5 0.9558027987308855
154.0 0.2
154.5 1.1384179620411783
155.0 0.7597341035857451
155.5 1.2970199687791615
156.0 0.633862775923562
156.5 0.8938716527886086
157.0 0.9171164372818936
157.5 1.5575600958246754
158.0 0.7188836892635079
158.5 0.6296806731397967
159.0 0.7380651786170033
159.5 0.6502604322228989
160.0 0.6357502154419796
160.5 0.7003598287691126
161.0 1.3223185141925518
161.5 1.0759715806601817
162.0 0.9804767161249534
162.5 1.4677683273663318
163.0 0.9608875841497975
163.5 0.9464084262185138
164.0 0.8046281155160746
164.5 0.8487496650449253
165.0 1.3804579056923716
165.5 0.6461271999380607
166.0 0.9845075289371222
166.5 0.800709795799274
167.0 2.298397750759983
167.5 0.9496402585279092
168.0 1.0297065843244442
168.5 0.5733352850198193
169.0 1.4401261412629398
169.5 0.9152905179334155
170.0 0.9628809746062328
170.5 0.9401862120866754
171.0 0.6866387118826512
171.5 0.9022270542812234
172.0 1.385406599693364
172.5 1.2245557064736334
173.0 1.3537687412647537
173.5 1.0755373530534404
174.0 0.6773969424504167
174.5 1.030386120665615
175.0 1.0241176572955015
175.5 0.5310779096692678
176.0 0.6764062046138395
176.5 0.8885488434723556
177.0 0.8927877647931616
177.5 1.5204226572606534
178.0 0.34317707164142075
178.5 0.7911126093659109
179.0 0.9061349858841359
179.5 0.9743302210397912
180.0 1.5434074933341442
180.5 1.2374933700114437
181.0 0.8163421060797211
181.5 0.5924878149587254
182.0 0.747105477333613
182.5 2.0549538904370315
183.0 0.8138755808845033
183.5 0.9932178452547323
184.0 0.8994662385545308
184.5 0.7670097394635181
185.0 1.7521028682052329
185.5 1.8899205078155874
186.0 0.40825027228377925
186.5 0.7716751912789226
187.0 0.7076097915953538
187.5 0.9126086178149958
188.0 0.7042941572721388
188.5 0.9389146818647851
189.0 0.595658332731467
189.5 0.7491339905816432
190.0 0.946492864792474
190.5 0.5066534685538112
191.0 0.6344274602486171
191.5 0.6380519441717504
192.0 1.4562001319263964
192.5 0.6770212109010909
193.0 0.8624496874393128
193.5 0.6748049047502233
194.0 1.0888187253940378
194.5 1.305980463366962
195.0 1.6045838907958316
195.5 0.7497593952579671
196.0 0.5862892810175317
196.5 0.7299946456879224
197.0 1.4313635331835837
197.5 0.3464869852496251
198.0 1.3184941614597196
198.5 0.8836667343236593
199.0 0.635031808529915
199.5 0.6955629539558825
200.0 1.288438436144966
200.5 0.592585583670179
201.0 0.8622804874949568
201.5 1.1052957864037007
202.0 0.7418182029418723
202.5 0.74002447909407
203.0 1.6212411273009923
203.5 1.379094606191054
204.0 0.8380547460319079
204.5 0.8283607625338965
205.0 1.112468946279498
205.5 1.0100768110597005
206.0 1.049204301807582
206.5 0.8430453882890661
207.0 0.8790632075483265
207.5 1.6008059196681779
208.0 1.5080921735876243
208.5 1.434063611492951
209.0 1.527131477919962
209.5 1.2171588328621072
210.0 1.1623675804669058
210.5 1.0847935477871586
211.0 1.080815525082332
211.5 1.992462453302843
212.0 0.7954734013473199
212.5 1.1011478542631017
213.0 0.6282668907967233
213.5 0.7469684949056719
214.0 0.5971440621972961
214.5 1.0423737613698525
215.0 1.8169878374290986
215.5 1.555112533487149
216.0 0.9183250529926286
216.5 1.267854999689742
217.0 1.078994612711011
217.5 0.9468176019602802
218.0 0.6868979924496704
218.5 0.9807419569452155
219.0 0.8768129563047792
219.5 0.8615809278858291
220.0 0.8884055486426086
220.5 1.3256146955757884
221.0 1.2108319220703565
221.5 0.6140498755146979
222.0 0.6840206227598937
222.5 1.3819918239746545
223.0 1.7225602167667793
223.5 0.9342803768852944
224.0 1.0779424997429021
224.5 0.7516944602759453
225.0 1.0411461830812683
225.5 1.23001250634859
226.0 1.0005995512225103
226.5 1.1329522756385937
227.0 0.9598547670395674
227.5 1.0688142074105553
228.0 2.0112649125859394
228.5 0.7270506340393784
229.0 0.5587707902712107
229.5 0.955018037851243
230.0 1.5599074060452938
230.5 1.375437474103693
231.0 0.9255218998086634
231.5 0.8138019550036574
232.0 1.3232955194289868
232.5 0.9344049769619707
233.0 0.8637772109034396
233.5 0.8968037568983661
234.0 1.234963935048488
234.5 0.44454288819907617
235.0 0.7515804692983142
235.5 1.0105275026689782
236.0 0.677592997829537
236.5 1.3994069182097841
237.0 0.7231472111623833
237.5 0.6458747891587486
238.0 0.3005277932992435
238.5 1.0668913578763886
239.0 0.46602921807888964
239.5 1.0489813924923381
240.0 1.0325571542087713
240.5 1.2478928264630444
241.0 1.3832805547953928
241.5 1.588475382786628
242.0 0.8895523519371673
242.5 0.9061905885505306
243.0 1.5678091237830944
243.5 1.2928751513526113
244.0 0.9285022442647323
244.5 1.4265707045768052
245.0 1.1310777044145732
245.5 0.8810701821004931
246.0 0.730856257284735
246.5 0.8199716356802984
247.0 1.0980267108110147
247.5 1.5614823299135838
248.0 0.4853100120075935
248.5 1.2197400235011557
249.0 0.6056407132430501
249.5 0.7849049433439627
250.0 0.487594580961842
250.5 0.9665430994618618
251.0 0.862447172358094
251.5 1.3664062113030384
252.0 0.9591620010847324
252.5 0.8815075613212535
253.0 1.2821634715116033
253.5 0.9661929371882383
254.0 0.5961378307973636
254.5 1.138463226805239
255.0 1.434930331406012
255.5 1.6436737674842337
256.0 0.9463048965484715
256.5 0.6095319616927096
257.0 0.8350123816794596
257.5 1.4178548347660778
258.0 1.3107623590740607
258.5 1.1977283953584603
259.0 1.742446047317605
259.5 0.7529145260936121
260.0 0.8031920562717969
260.5 0.7638564789954209
261.0 1.0971006876234912
261.5 1.8348503722490808
262.0 0.7018467860457684
262.5 0.6087887230843365
263.0 0.7228517884085894
263.5 1.1628624318154177
264.0 1.305438326313626
264.5 0.871524599404426
265.0 0.8793443137491206
265.5 0.6368227219690136
266.0 0.618952092154653
266.5 0.7367327798395541
267.0 0.6055666184987751
267.5 0.713595171284428
268.0 1.678084586172261
268.5 1.438993659005067
269.0 0.8605018632678167
269.5 1.034827442984073
270.0 1.6744384923887896
270.5 0.6896786435926202
271.0 0.9136928424328249
271.5 1.1553420938717454
272.0 0.5043684787749052
272.5 1.2039101862404185
273.0 0.9498260136845336
273.5 1.025886182473763
274.0 1.1614347993557073
274.5 0.8000335933087787
275.0 0.8182187516970877
275.5 1.0431605555743462
276.0 0.9330663477879366
276.5 0.9285049150400597
277.0 0.8426856669359157
277.5 0.4585221095418225
278.0 0.8511156885008728
278.5 0.6607604149981723
279.0 0.6308476879184288
279.5 1.1545304010918551
280.0 0.800687732430051
280.5 0.8872738546764267
281.0 0.9733039963422294
281.5 0.6568020185292529
282.0 0.7148980734352861
282.5 0.6813369355374852
283.0 0.2039172692256449
283.5 1.033626726646828
284.0 1.7428299582529907
284.5 0.6389308877864287
285.0 0.44458732720328353
285.5 1.0590341211278858
286.0 1.4916923838835618
286.5 0.7749040057122347
287.0 0.8356198209692811
287.5 1.0962846168186708
288.0 1.8414449040068712
288.5 0.682767854972298
289.0 1.008516388052413
289.5 1.2962832982710975
290.0 1.4365452415399274
290.5 1.1612712742707805
291.0 1.407904483907847
291.5 0.6678698686215375
292.0 1.0823600957610693
292.5 0.9433085872213125
293.0 0.8313814330767173
293.5 0.7061071570998461
294.0 0.8037134824755077
294.5 0.8483775304676116
295.0 0.9711788098128724
295.5 1.2022384803514514
296.0 0.9988678090249518
296.5 0.9552185869031652
297.0 0.9304746100761999
297.5 1.149516480843333
298.0 1.4533815590156478
298.5 1.1263943358009056
299.0 1.1257707006450857
299.5 0.5188536054170612
300.0 0.6501490097438096
300.5 1.439470392476904
301.0 0.851027324726279
301.5 0.9575151444412306
302.0 0.5904125001418263
302.5 1.3060762640549055
303.0 0.5841311894695156
303.5 1.2607314308729638
304.0 0.8453150722527203
304.5 1.3448058887850727
305.0 1.2101481714695947
305.5 0.9211342068508974
306.0 0.42578783117544394
306.5 0.44527692200123975
307.0 1.1636564760136592
307.5 1.1199286625524159
308.0 0.4151733962282139
308.5 0.605060381854378
309.0 1.9916240201180777
309.5 1.4345623237404963
310.0 0.9379408791974158
310.5 0.9002188579754857
311.0 0.6406123869302074
311.5 1.4977183534201477
312.0 0.8030563500811235
312.5 0.8115459129976137
313.0 0.7867861883646423
313.5 0.8304512691831976
314.0 0.7464068087898024
314.5 1.2525461616993234
315.0 0.5951672250733575
315.5 0.9301270223092677
316.0 0.695766436494059
316.5 0.699015874276221
317.0 0.9240440024436544
317.5 1.5808884501794074
318.0 1.3999837087531466
318.5 0.869560659946773
319.0 0.7717029353619389
319.5 1.0095038037902007
320.0 0.818059933692363
320.5 0.5509899023010028
321.0 0.5332562773024663
321.5 0.8007573809053721
322.0 0.6582764155700114
322.5 0.7443872582977084
323.0 1.1143242369848647
323.5 1.1150375395075343
324.0 1.0889547805164634
324.5 0.9665744869914208
325.0 1.3841967467231147
325.5 1.0955329061094226
326.0 1.0232727574788596
326.5 0.3001168526512521
327.0 1.1969793426896453
327.5 0.6943809350535501
328.0 0.7531087838028803
328.5 0.6139529355168759
329.0 0.6794654383129045
329.5 1.217740148693756
330.0 1.0710611810655384
330.5 1.6907953589542837
331.0 0.5296241832249298
331.5 0.957337782478002
332.0 1.1869831626029879
332.5 0.9068745550705442
333.0 1.1624368887372443
333.5 0.5010647182562542
334.0 1.0824576734570235
334.5 0.8355018558689367
335.0 0.9651279225234923
335.5 0.6080400110614076
336.0 0.6903314487872091
336.5 1.1479498625735218
337.0 0.52608297980129
337.5 0.8897666477916274
338.0 0.5915170457443417
338.5 0.883712758173399
339.0 0.5566371705067026
339.5 1.2483906250236205
340.0 0.6126430569078538
340.5 0.996827110916717
341.0 0.7324653745585028
341.5 0.6562144431219412
342.0 0.8953975226501627
342.5 0.9674426459222397
343.0 0.8034621673208026
343.5 1.074420195532002
344.0 1.5385418423096802
344.5 1.0428405566667454
345.0 0.7365166544395969
345.5 1.9295512174395748
346.0 1.1360864627902494
346.5 0.8917187716865507
347.0 1.0670219518389905
347.5 1.6550663895031876
348.0 0.8624166327801586
348.5 0.9970181956999431
349.0 0.7352873470570236
349.5 1.009007354490174
350.0 0.4249336780814065
350.5 1.4559432585887535
351.0 0.8556591744129936
351.5 1.690907776789465
352.0 1.2037417611761487
352.5 1.3121564589989996
353.0 0.9648256001268718
353.5 1.0372505965863992
354.0 0.8533270422813108
354.5 0.5342175227084323
355.0 0.736930447454273
355.5 0.827063303676931
356.0 0.5565158689821931
356.5 1.321478803468667
357.0 0.5828659672977813
357.5 1.2490117197278066
358.0 1.3564949962826902
358.5 1.057114092973153
359.0 1.1439144865737116
359.5 0.8310639856825497
360.0 0.7093858251780785
360.5 0.5502648516221487
361.0 1.2823487753966538
361.5 1.4874387907459115
362.0 1.2161477971314885
362.5 1.4845547348203234
363.0 1.3514606746980382
363.5 0.30991257932040517
364.0 0.7918920487094492
364.5 0.8738130943483798
365.0 1.0915982848824517
365.5 0.9931407860684467
366.0 0.9142368968477601
366.5 0.7806433864590597
367.0 0.4434747958935136
367.5 1.6563360090609671
368.0 0.4480555303725233
368.5 1.3799753587807086
369.0 0.9116929188670667
369.5 1.334663966764738
370.0 0.9687937371347212
370.5 1.2611707054385461
371.0 0.8699629762042541
371.5 1.2562613300770633
372.0 0.5771378546259931
372.5 0.8514513384781531
373.0 0.8450816966272854
373.5 1.0117714711441157
374.0 0.6356373275023364
374.5 1.2233244953227695
375.0 0.9278152032603009
375.5 0.7785562653683624
376.0 0.908855173741761
376.5 1.0208213059033382
377.0 1.3644300007138108
377.5 0.7122673320500712
378.0 1.8110507487203367
378.5 0.8097649084092726
379.0 1.167343173797516
379.5 0.6136433818750677
380.0 0.7322343013915558
380.5 0.42869637160049645
381.0 1.2765345348245356
381.5 0.810163322525938
382.0 0.3071523649272645
382.5 1.0596528941375067
383.0 0.9500188640948013
383.5 0.9774427392104377
384.0 1.059568874932877
384.5 0.6345272864272032
385.0 0.9268249170095506
385.5 1.294482339142475
386.0 0.7447046443950813
386.5 1.1953745537345672
387.0 0.7153834297236061
387.5 1.3813249307956221
388.0 0.5964022820126794
388.5 0.8284652095589684
389.0 1.3431043843948953
389.5 0.9123145718578093
390.0 0.6611004495613894
390.5 1.4634433946577818
391.0 1.1012605645606972
391.5 1.010667202606748
392.0 1.318996585102681
392.5 0.730453582718755
393.0 0.4884555092767277
393.5 1.1437714720397487
394.0 1.3192465969654146
394.5 1.1913016148403353
395.0 0.6405984779496697
395.5 1.4155987474146383
396.0 2.2155385869463036
396.5 1.0503250734681182
397.0 1.1091890311155188
397.5 0.8995166815612949
398.0 0.984988923348868
398.5 0.9076161496477421
399.0 0.5764253959309719
399.5 0.2
400.0 1.3187768544504523
400.5 0.8225700991074657
401.0 1.115305338872444
401.5 1.0597955959556833
402.0 1.358076108397134
402.5 0.5179731871507323
403.0 0.41448021419525194
403.5 0.7425076346205841
404.0 0.5504894149388325
404.5 0.8954962325377259
405.0 1.0351805046867535
405.5 1.6548366394702856
406.0 0.879326708630108
406.5 1.067724305660379
407.0 1.2256245733066138
407.5 0.9919568348183667
408.0 0.80312485465785
408.5 0.8770383291708741
409.0 0.9905138986050771
409.5 1.0049203558237074
410.0 0.7801453268677454
410.5 0.7926943735201848
411.0 0.6436893749774929
411.5 1.0853392199868461
412.0 0.79528524984912
412.5 1.0100992676568512
413.0 0.9247427080642705
413.5 1.3391239303261098
414.0 0.7304450564027951
414.5 0.7105774976105868
415.0 0.781696258900338
415.5 0.7059573148422833
416.0 1.0376483929805236
416.5 1.4671329315362063
417.0 0.9932442140739153
417.5 0.8296934090984689
418.0 0.8204918882115622
418.5 1.2376875915756136
419.0 0.2
419.5 1.729016260041567
420.0 0.7828854020158649
420.5 0.9577504027774092
421.0 0.9473794823494472
421.5 0.5994089966384266
422.0 1.110644502587073
422.5 0.925892599108424
423.0 0.9607107910042677
423.5 0.8504076386639394
424.0 0.8225917502757668
424.5 0.8653880510688781
425.0 1.460644378991137
425.5 0.6661559824581618
426.0 0.6162594596818439
426.5 0.8272043921982946
427.0 1.1501564950877747
427.5 1.6302979153117874
428.0 0.73725728414121
428.5 0.5925206020845176
429.0 1.5483023412038457
429.5 1.2944091374578526
430.0 0.47764845232219033
430.5 0.9556487772308646
431.0 1.3519668895845292
431.5 1.1309855418620152
432.0 1.0557104886104385
432.5 0.9563198687048678
433.0 1.1195732913854732
433.5 0.8284086849367959
434.0 0.5301913230057288
434.5 1.5566889163720918
435.0 1.7260761101334747
435.5 0.7681058940117841
436.0 0.8266025337227652
436.5 1.0554364585068141
437.0 1.1914627258581545
437.5 1.2837207944479152
438.0 0.3953733327237099
438.5 0.6622400543565276
439.0 0.9780666026793438
439.5 1.242618390492587
440.0 1.2597457919255226
440.5 0.7179342349858169
441.0 1.361380080824405
441.5 1.1512240052716316
442.0 1.0515134627001903
442.5 0.9316626642692518
443.0 0.7503981788333782
443.5 0.726453280818383
444.0 0.7045460421241141
444.5 0.9082051181257053
445.0 0.7869336351602321
445.5 0.7721551759385086
446.0 1.7524930180439164
446.5 1.3147327810866503
447.0 1.330481283815609
447.5 0.5755064370865013
448.0 1.8453864833426663
448.5 1.1169570967830462
449.0 0.9715005961115789
449.5 0.8556080770866046
450.0 0.764696941192253
450.5 0.2
451.0 1.0756722583636695
451.5 1.2841085752463164
452.0 1.0623517027282063
452.5 0.8988583507545114
453.0 0.6275757235855451
453.5 1.0788551322960986
454.0 1.9263659772822397
454.5 0.7315800922171403
455.0 1.6379061553473726
455.5 0.8570101182444732
456.0 0.2
456.5 0.7034958208946072
457.0 0.8885725929564683
457.5 0.6915664545540583
458.0 1.0138450879675336
458.5 0.6603695281807535
459.0 0.749748036719279
459.5 1.0263142617956382
460.0 1.5324580256303024
460.5 1.639307837674552
461.0 0.4428471165778049
461.5 1.1696309124861797
462.0 1.0168354942027893
462.5 1.2796004540290085
463.0 0.7683529105128051
463.5 1.249481512374878
464.0 0.44037742695844767
464.5 1.4217584537799093
465.0 1.3492061409024327
465.5 0.7123125295980649
466.0 0.6571741211164727
466.5 1.188817465071565
467.0 0.6523056464330226
467.5 1.2706407841923069
468.0 1.494118795473711
468.5 1.763116340159645
469.0 2.0126871100901202
469.5 0.6600362675886495
470.0 0.9813182394410285
470.5 0.7032222464024894
471.0 1.1382485714603465
471.5 0.835454898943276
472.0 0.5774622390250636
472.5 1.1288657159885471
473.0 0.7948357703115716
473.5 0.838115049062759
474.0 0.6819265492732609
474.5 1.052534350196635
475.0 0.6983801095719184
475.5 0.78130182631225
476.0 0.8711661388331159
476.5 0.44986676638347256
477.0 1.0237319869413237
477.5 1.0903440625692005
478.0 0.9503590492688805
478.5 0.7014015020175718
479.0 0.8218038373723635
479.5 0.6913870439617469
480.0 1.0339483077524525
480.5 0.7535213267183112
481.0 1.1243864354288926
481.5 1.6444924153230165
482.0 0.6858752568705035
482.5 0.6474435847885562
483.0 0.5576860156733006
483.5 0.447901001288596
484.0 1.2308103860779425
484.5 0.5010078272480489
485.0 0.8286235282667506
485.5 1.0368160019353585
486.0 0.6501630829161844
486.5 0.5954528583417578
487.0 1.4119350173561083
487.5 1.4719538382616166
488.0 1.0836626350248069
488.5 1.3369780778007003
489.0 0.9329103566410124
489.5 1.8460260004778841
490.0 1.3505321963374475
490.5 0.8470735216693601
491.0 1.1127643184734062
491.5 0.8977942610429024
492.0 1.1375299860005101
492.5 0.8937620394306803
493.0 0.9785494031228948
493.5 1.1460463071511882
494.0 0.5759855367575347
494.5 1.02779025053237
495.0 0.81048657680408
495.5 0.8188364998441084
496.0 1.305964426875752
496.5 1.2892113737586106
497.0 1.044694493397302
497.5 1.0895174902370706
498.0 0.9659598978547221
498.5 0.7481893587914028
499.0 0.7589983933094385
499.5 0.5223230905296306
500.0 1.1012280335156022
500.5 1.3073014388032504
501.0 1.1382143795987076
501.5 0.6911989628001781
502.0 1.5622719023036913
502.5 0.9227783913251211
503.0 1.2844310324859713
503.5 0.984424404235826
504.0 0.7519028808872135
504.5 0.8244466908595103
505.0 1.7741959825607716
505.5 1.2941824161249094
506.0 0.9549547532185774
506.5 0.8462570396899092
507.0 0.7337997152289528
507.5 0.704074623314207
508.0 0.5403100760199865
508.5 1.1010248809602765
509.0 1.0179073497939854
509.5 1.0254877327134195
510.0 0.7345804331143122
510.5 0.6660995305104633
511.0 0.8129611028256314
511.5 1.4548931677453472
512.0 0.38740698581264105
512.5 0.9322354083850013
513.0 1.2005775463360084
513.5 1.3393113979421232
514.0 0.6397783144393571
514.5 1.3309470875282876
515.0 0.8375397213559646
515.5 1.7515548137354293
516.0 1.010362375316753
516.5 0.6266933205215065
517.0 0.743616190264367
517.5 1.0172690565287947
518.0 0.7112236239096605
518.5 1.5447713882775056
519.0 0.7095461139304435
519.5 0.6574757120689627
520.0 1.1175819675081091
520.5 0.78921906041628
521.0 1.1411562417503172
521.5 1.3486427997406927
522.0 0.6836970333697425
522.5 1.0262060321387647
523.0 1.5011086047914315
523.5 0.5160643447842983
524.0 0.8870128592240786
524.5 0.6125650126072923
525.0 0.7181145008835279
525.5 0.6311370829703727
526.0 1.0297401006679696
526.5 0.6466432846263346
527.0 0.48240156376759646
527.5 1.2614577243487655
528.0 0.8534864441246481
528.5 0.9299056120542877
529.0 1.4920501818974627
529.5 1.097968505076568
530.0 0.9421711716576975
530.5 0.7542672773509429
531.0 1.0038299487012352
531.5 0.7011171209931668
532.0 0.7232169543063429
532.5 1.2972492982662338
533.0 0.9469700002278193
533.5 0.9053796347963126
534.0 1.2549025765776158
534.5 1.0914972355443158
535.0 0.78806473218552
535.5 0.9090786691333069
536.0 1.1340607904231907
536.5 0.8248576445719155
537.0 0.5443386148840318
537.5 0.9232920249487695
538.0 0.5959789782696219
538.5 0.8155158764656252
539.0 0.42115353455060933
539.5 1.3178235698928926
540.0 1.1582224223152897
540.5 0.7208177602399546
541.0 0.8072196729427157
541.5 1.9676814156031228
542.0 1.0511224519137885
542.5 0.4778462020946695
543.0 0.9295065996332773
543.5 1.2643919583224177
544.0 1.847189564520554
544.5 1.1904321086637635
545.0 1.2637261418115315
545.5 0.9607032035087976
546.0 1.657973647387006
546.5 1.6884851343916978
547.0 1.154170286645099
547.5 1.4736235750010502
548.0 1.3736858924509812
548.5 0.5845097590168951
549.0 1.0462916223329644
549.5 1.191849302400957
550.0 1.1106631668289504
550.5 1.0248036248296257
551.0 0.9256519992648213
551.5 0.8127967994098654
552.0 1.333614204089653
552.5 1.1220355651603675
553.0 0.9935902869316835
553.5 1.4169557903290615
554.0 1.2949651847586028
554.5 0.8485389767204004
555.0 0.9400995065788347
555.5 0.8889891817947064
556.0 1.4031837181463929
556.5 0.7785747052891233
557.0 0.7532574117979299
557.5 0.33553542745182074
558.0 0.9930094119731102
558.5 1.039859826615467
559.0 0.7154407514938264
559.5 1.5931231442613627
560.0 1.693180835645602
560.5 1.1921939320551505
561.0 1.378226035856735
561.5 0.7481347254709934
562.0 0.9695634352220279
562.5 0.8159276692824412
563.0 0.7699015674904094
563.5 0.996947903033321
564.0 0.7403673712691388
564.5 1.141001070524534
565.0 1.1078030578005342
565.5 0.6511870963411723
566.0 0.9549150327127676
566.5 1.3488954253502488
567.0 0.8068802730615963
567.5 0.9168728802930286
568.0 1.8611155461383961
568.5 0.6496452009864216
569.0 0.9224833002704309
569.5 0.5422111752517138
570.0 0.6772098631313307
570.5 0.5772182461662795
571.0 0.846133830606322
571.5 0.8094375020489224
572.0 0.8687238770649439
572.5 1.4337056634859286
573.0 0.6893336635281276
573.5 1.0055203836464637
574.0 1.2839188889441355
574.5 1.4416560066677606
575.0 1.0758549323896132
575.5 1.2055197578221977
576.0 1.0476453254268496
576.5 1.5733710386775055
577.0 1.8099944268840686
577.5 1.0831030587889603
578.0 1.5007489207786948
578.5 1.221924269561005
579.0 0.5644250640452936
579.5 0.8631506501874924
580.0 1.0627707635513275
580.5 1.0166074014684057
581.0 1.2528175526204257
581.5 1.1883082247648207
582.0 1.1254564215166103
582.5 0.92460045908928
583.0 0.9274953671391707
583.5 1.4360946246344493
584.0 1.2017289166974912
584.5 1.4963623903535863
585.0 0.7995191261301051
585.5 0.8772151851701641
586.0 0.21340298356450949
586.5 0.9335493246411615
587.0 0.9832113216809969
587.5 1.0708190423287927
588.0 0.9752423963243273
588.5 1.7973968890553622
589.0 1.0548638254812817
589.5 1.0146030498584286
590.0 1.035672339685384
590.5 0.9575820205467124
591.0 0.7904317975380626
591.5 0.4989071637942324
592.0 0.2
592.5 0.797353130092336
593.0 0.9699220889217399
593.5 0.9833641674684636
594.0 0.9521441416742906
594.5 1.3636929007748018
595.0 0.6524655837547296
595.5 1.110422196889498
596.0 0.8566574548670688
596.5 0.6494981145369056
597.0 1.036193756669931
597.5 0.8514515134684064
598.0 0.28519998243310524
598.5 0.6879620494698105
599.0 1.4091824277712024
599.5 1.0889810329838316
600.0 0.8500212191824684
600.5 0.6456128590591393
601.0 1.0587568985269011
601.5 1.9315142741865845
602.0 1.0782278850436162
602.5 0.5298425538916823
603.0 1.360870981758182
603.5 0.8709329070483771
604.0 1.1198236736682445
604.5 1.05816331676521
605.0 0.7899640837400443
605.5 0.8701245898583253
606.0 0.762789400175512
606.5 0.8955825134994062
607.0 0.6484673643242256
607.5 1.3089063247247705
608.0 1.7355829402091572
608.5 0.5877002620036322
609.0 0.25172071622601
609.5 1.393332883045105
610.0 0.7571232871813559
610.5 0.858256593596702
611.0 0.941767144965624
611.5 1.3162371468091214
612.0 0.9886750621082483
612.5 1.0659440514733909
613.0 1.2430207455572142
613.5 1.1368242052916688
614.0 0.8410224749060868
614.5 0.9810992091680124
615.0 1.6699663838914138
615.5 0.6699569250463111
616.0 1.2204089870549382
616.5 1.50113633881171
617.0 1.4925660089095438
617.5 1.0929533351948448
618.0 1.5430246930498446
618.5 1.104179506217946
619.0 1.3701868295554989
619.5 1.0138243527414805
620.0 0.5309405296281242
620.5 0.6237401331686993
621.0 0.8051471666468917
621.5 0.9799157630573282
622.0 1.0223683742112408
622.5 1.4155621461612136
623.0 0.8976100063741562
623.5 0.8742680989600125
624.0 0.6093969093347729
624.5 1.2191605802008527
625.0 0.7301507344929341
625.5 0.4649793664430226
626.0 0.7487992613591448
626.5 1.4992278227422153
627.0 1.1962322102199987
627.5 0.9080657870787754
628.0 1.3648673135970657
628.5 0.968871797494029
629.0 0.8217079181766583
629.5 1.129899748973223
630.0 1.603412223780063
630.5 0.7746563773855992
631.0 1.0593786358409147
631.5 1.8626777487445283
632.0 0.6614871149796238
632.5 0.7186906279951745
633.0 0.8435481683020599
633.5 0.7315770209454614
634.0 0.9182100467558866
634.5 1.0031299994754592
635.0 0.46083497418517705
635.5 0.5220915427302206
636.0 1.470839822633009
636.5 0.7982983904272094
637.0 0.8330867959220424
637.5 1.0275756406159031
638.0 1.8120687766364285
638.5 0.5499309493808137
639.0 0.8102357491706597
639.5 1.4831650941791286
640.0 1.3650263445481834
640.5 1.1438531114975437
641.0 1.4061479700417565
641.5 1.0714216618452443
642.0 1.6973213053104925
642.5 1.1905079114736057
643.0 1.3522923428658489
643.5 1.679181355119224
644.0 0.9347395556465313
644.5 0.5313065702876747
645.0 1.8036059031766207
645.5 1.0473719286775003
646.0 1.4742975196236001
646.5 1.8180051511558686
647.0 0.983792306197946
647.5 1.1868209187519727
648.0 0.7137483867490406
648.5 0.9425282465795823
649.0 2.179906670046374
649.5 0.5897296623278465
650.0 1.2888700985226833
650.5 1.0938512267280935
651.0 0.7084899783616792
651.5 1.5481783530411186
652.0 1.72895988828428
652.5 1.5176052207978392
653.0 1.1810997121744249
653.5 1.0490800538812783
654.0 1.539548827899132
654.5 1.09014068158759
655.0 1.8589638209744908
655.5 1.1913342131881413
656.0 1.4453578459509293
656.5 1.8631659334674118
657.0 0.8758095470433223
657.5 1.118262043157901
658.0 0.6769168164741444
658.5 1.147610706553838
659.0 1.224335744989884
659.5 1.0227015680298053
660.0 1.0990585503483272
660.5 1.612901637007658
661.0 0.573238946629426
661.5 0.662043019872696
662.0 1.1776884569353965
662.5 1.4411289474870945
663.0 0.6691524758986331
663.5 1.006460860826437
664.0 0.7941204044982064
664.5 1.7065773464614207
665.0 0.6595531923021272
665.5 0.9524371709414203
666.0 1.3188371512694128
666.5 1.4831236613602412
667.0 1.3500851582171474
667.5 1.2635973773123834
668.0 0.5809824085655317
668.5 1.0570653286744451
669.0 0.6402164033562912
669.5 0.6752752867123786
670.0 1.3553515235145426
670.5 1.0826833664599236
671.0 1.1301991336206556
671.5 1.4101934619028198
672.0 0.5205193170114443
672.5 0.8696120650523902
673.0 1.511747690213182
673.5 0.6359014801578122
674.0 2.219010126906911
674.5 0.7143224498370289
675.0 0.6021513388986529
675.5 0.9589493230785953
676.0 0.7354736010625865
676.5 0.93729473357465
677.0 0.6181856911357747
677.5 0.5794077884919526
678.0 1.5376900717412987
678.5 0.9704786886752068
679.0 1.048680966420398
679.5 1.2164106222568103
680.0 0.33351198543914085
680.5 1.2398303481756732
681.0 0.565717025514588
681.5 0.7530802914791728
682.0 1.5060140627066727
682.5 0.6989240949612661
683.0 0.6505978130204251
683.5 1.7284522931317299
684.0 0.794052314818764
684.5 1.5547093090468276
685.0 1.1835207817354678
685.5 1.0893283965623743
686.0 0.9723415439866928
686.5 0.6410791512175016
687.0 1.1218557500906634
687.5 1.7607779834913573
688.0 0.9271497679239689
688.5 1.4840445591017946
689.0 0.7773863000957355
689.5 1.0263907247636102
690.0 0.7308650426053986
690.5 1.0693935211666856
691.0 0.7567120219592599
691.5 0.8828821023098752
692.0 0.5040743704396623
692.5 0.42679147677935947
693.0 1.2308496832396463
693.5 1.4138720270208194
694.0 1.6112385424597302
694.5 1.0180485327431321
695.0 0.7917270583150635
695.5 1.1713099260457338
696.0 1.48904022701596
696.5 0.6429254007627772
697.0 1.0864856959146034
697.5 0.5834155719280115
698.0 0.5217725501292205
698.5 1.058606644705642
699.0 0.6951641258253884
699.5 0.8914999473358154
700.0 0.808440187057558
700.5 2.1464717807773703
701.0 0.6443659348351749
701.5 1.374144832071202
702.0 1.9385308592590333
702.5 0.6379643007776078
703.0 0.9639235489348197
703.5 0.8046859825368909
704.0 1.4794821200143056
704.5 1.1649867993211203
705.0 0.8774931110917473
705.5 1.2787502737871494
706.0 0.3779063560059883
706.5 1.1615891975622148
707.0 0.6216273619221564
707.5 0.5265409208696006
708.0 0.6962066184672338
708.5 1.2129665920818191
709.0 0.9992793006614178
709.5 0.8242539511664005
710.0 0.7741470581562305
710.5 0.6551454669498964
711.0 0.5529289027140429
711.5 0.794056836256213
712.0 1.1627211163477442
712.5 0.26730323023373304
713.0 0.91841995806611
713.5 0.800109999950802
714.0 1.3046353040748713
714.5 0.4339306151225432
715.0 2.1334531156986993
715.5 1.321257344213528
716.0 0.6666780316275535
716.5 0.8865376634426443
717.0 1.125072019213909
717.5 1.0080988420847774
718.0 0.7477572496987266
718.5 0.5898665922492868
719.0 1.7334509439879602
719.5 1.0586674949174193
720.0 1.0000780923926458
720.5 0.9833589215733125
721.0 1.516510313157077
721.5 1.6832406887336266
722.0 0.9106405705321762
722.5 0.9100765041005638
723.0 1.1728950918257928
723.5 1.7758555957491136
724.0 0.4507821045296727
724.5 0.971440916397996
725.0 0.6588347391457606
725.5 1.1996337005195412
726.0 1.7221072701522981
726.5 0.8202270906288265
727.0 0.7048509983479554
727.5 0.6213432044945506
728.0 0.6052900276860015
728.5 1.1108159716965917
729.0 0.8347814610695634
729.5 1.3853774726339148
730.0 0.6766259163526613
730.5 0.800681669573436
731.0 1.1590921380612418
731.5 1.1731833225002664
732.0 0.7274403785303712
732.5 0.904772804592334
733.0 0.7069367912743879
733.5 0.6814461002226743
734.0 1.0754233899058083
734.5 0.7051434277554329
735.0 1.0091693016637984
735.5 0.7951049695810981
736.0 0.8467250954434796
736.5 1.1010724065654323
737.0 1.873965701091739
737.5 0.6944785477654399
738.0 0.367300149115653
738.5 0.9152872078557575
739.0 0.5993112366428391
739.5 0.5527373640107142
740.0 0.9055175632136752
740.5 0.8283941308274535
741.0 1.0113022094700352
741.5 0.8781528311332056
742.0 0.9814349261360064
742.5 0.814813259969323
743.0 0.8964192600825459
743.5 0.5978593524912431
744.0 1.5074731573088562
744.5 1.318465402709966
745.0 0.7326906050589861
745.5 0.7065801250783957
746.0 1.1126357310400605
746.5 1.1027141219515677
747.0 0.8023124489621389
747.5 1.4751139669080358
748.0 1.3226040242851833
748.5 1.536800855827333
749.0 1.10329665961591
749.5 1.079651953807569
750.0 0.9202104938184246
750.5 0.9378248341859365
751.0 0.691317815041864
751.5 1.2799453441430426
752.0 1.1628184933239645
752.5 0.68348511387308
753.0 1.2009895755000224
753.5 1.1308238670520712
754.0 1.4149612715136828
754.5 1.3960221414786393
755.0 0.24523505016775138
755.5 1.001037984253463
756.0 0.6595478852450709
756.5 0.6659494294170077
757.0 1.2249588168946923
757.5 0.7173460903402129
758.0 1.4739900750942017
758.5 0.961177445325016
759.0 1.1217678396411523
759.5 1.0377644292625416
760.0 1.2348238789687647
760.5 1.1708562197477739
761.0 1.3921643740199534
761.5 0.9686725209632576
762.0 1.7094138828186969
762.5 1.4274997124202562
763.0 1.2852793868687207
763.5 0.5637962785358129
764.0 0.9145493706030398
764.5 0.9279174144614017
765.0 0.9939980092635136
765.5 0.8517593315923055
766.0 0.5950214009547921
766.5 0.5976603703748927
767.0 0.9918027318405411
767.5 1.8838385571208374
768.0 0.9326456004828989
768.5 1.1942862819612508
769.0 0.7472950196113068
769.5 0.8160949815150781
770.0 1.6527583458748776
770.5 1.5842365391666293
771.0 0.7474909284523277
771.5 1.219278850767398
772.0 1.1900186394863705
772.5 0.6213508442744503
773.0 0.6674336333623275
773.5 0.34700955202122064
774.0 0.6737965928789491
774.5 0.5850952304828928
775.0 0.80499551310373
775.5 0.7002043999452638
776.0 0.7773601451049205
776.5 1.201780379866773
777.0 1.1816065944360035
777.5 1.0778052580538238
778.0 1.1316601918297078
778.5 1.6133598593400924
779.0 0.39270576841063587
779.5 0.8484511903507879
780.0 1.1653230298667352
780.5 1.284236908968734
781.0 0.965742329407037
781.5 1.1338176662165829
782.0 0.6722951314032093
782.5 0.8731499073081991
783.0 1.0023359734642998
783.5 1.1789853651331805
784.0 1.4469717002804217
784.5 1.0413876365311183
785.0 0.7856645814453611
785.5 0.8217646633822427
786.0 0.6658553142746642
786.5 0.7157367541938089
787.0 0.8852870305529156
787.5 0.7911494236943665
788.0 0.9190531048774756
788.5 1.6559744577081421
789.0 0.9107326506767721
789.5 0.8528673806173728
790.0 1.3047237359684585
790.5 1.2166054115008933
791.0 0.960530621196415
791.5 0.8713884900001114
792.0 1.042738218407046
792.5 0.8558040244473064
793.0 1.3156347475447538
793.5 0.9895605381764685
794.0 1.2160181667375172
794.5 1.238282925488356
795.0 1.1721051239144842
795.5 0.915928989484125
796.0 0.8523349868264853
796.5 0.9824376950863808
797.0 0.6945715974521948
797.5 0.7118939897881782
798.0 1.5182335489828485
798.5 0.9107811265123253
799.0 1.3117084913209829
799.5 0.8983326625626135
800.0 0.5292039775150195
800.5 0.7979148117990527
801.0 1.2443920092309724
801.5 0.8767412831398813
802.0 1.2883718862195632
802.5 1.8409416473652485
803.0 0.40837671651340557
803.5 1.057356808076252
804.0 1.6604778648460523
804.5 0.5625004998202645
805.0 0.8675787521000257
805.5 1.4767680496255382
806.0 0.6170518223099065
806.5 0.9694036126686374
807.0 0.7316284673775111
807.5 1.577285152460989
808.0 0.6996919561259736
808.5 0.5623821959802187
809.0 1.1487268302327136
809.5 0.7910554993275096
810.0 1.0191441969213049
810.5 0.7945740885450359
811.0 0.6028105352864681
811.5 1.4542866661408214
812.0 2.0671269403744033
812.5 0.3771422371416686
813.0 0.48358945330897085
813.5 0.855348655796172
814.0 1.0994576554232642
814.5 1.150307258320841
815.0 0.9142543606725291
815.5 0.8181943819779935
816.0 1.3749123237182288
816.5 0.6787690595558586
817.0 1.1347100519596793
817.5 0.7079017579625568
818.0 1.274159543146836
818.5 0.6840679116537423
819.0 0.9919147125456906
819.5 0.8486276322897834
820.0 0.9314341977221349
820.5 1.2808066662307316
821.0 0.2
821.5 1.2999118776124146
822.0 0.6620357321915707
822.5 0.7975152972823256
823.0 0.8815166332208294
823.5 0.9955763990991204
824.0 2.1004475364565116
824.5 0.9899284793168781
825.0 1.0906183390895055
825.5 1.0047393212208426
826.0 0.5587719605610671
826.5 0.6977418061404468
827.0 0.885351896774933
827.5 1.6954874479110633
828.0 1.6983824271544004
828.5 1.144052834561946
829.0 0.8127740822928551
829.5 1.077588435870354
830.0 1.1628035978639195
830.5 0.5478909378105854
831.0 0.3462075351808477
831.5 1.2172355409365017
832.0 0.7684037689228647
832.5 1.082303478821114
833.0 0.6003561682062831
833.5 0.2
834.0 1.0197572981474565
834.5 0.9752399274699204
835.0 0.8673489184581089
835.5 1.0572714412733588
836.0 0.8893265982886535
836.5 0.5121362702481151
837.0 1.7559707369135298
837.5 0.9561156287790512
838.0 0.8943347301746846
838.5 0.7868059221619454
839.0 1.2524714575433742
839.5 0.8005975055580739
840.0 1.4312959367827576
840.5 0.6771952572964908
841.0 0.582995827540658
841.5 0.7591979095532726
842.0 1.7106326773710503
842.5 0.6304496850445234
843.0 0.9609178323201477
843.5 0.7814101427516733
844.0 0.989675543265492
844.5 0.8969477626569824
845.0 0.5214254610755396
845.5 0.6396809502922178
846.0 0.7313864446147255
846.5 0.8010697674322844
847.0 1.087997227115864
847.5 1.06420499181039
848.0 0.5649177025232197
848.5 0.5500206865873193
849.0 0.5253086467413403
849.5 0.660836003075981
850.0 1.4719709862272141
850.5 1.5041705491486463
851.0 1.4172289229223458
851.5 0.2
852.0 1.072835126742119
852.5 1.1812044656016671
853.0 1.1289034827021291
853.5 0.6115749096822319
854.0 0.9008480953673674
854.5 0.921757823556946
855.0 0.9686878129666189
855.5 0.8728544931636018
856.0 1.35821670642781
856.5 1.1319931351811046
857.0 1.229770205518701
857.5 1.1213507829979807
858.0 1.1890424413143852
858.5 0.6941081765292157
859.0 0.9810459132047833
859.5 0.7934917617045965
860.0 1.2743793921717321
860.5 0.32639105155532
861.0 0.8443356348049873
861.5 0.9036958389455141
862.0 1.2723617989468206
862.5 1.3101670009762745
863.0 1.3006574943472353
863.5 1.0724832887809357
864.0 0.8112029223686898
864.5 0.7570019979171811
865.0 0.8268846006548276
865.5 0.5483915384290211
866.0 0.4663950080048572
866.5 0.24848627843934412
867.0 0.9769877021598227
867.5 1.185741883656961
868.0 0.7463047845885464
868.5 0.8889190745717652
869.0 0.777334161325536
869.5 0.7534756874923818
870.0 1.0635679706415702
870.5 0.9128138745534026
871.0 1.3138327722351075
871.5 0.7651898350534423
872.0 0.8704693609481388
872.5 1.4975646434795067
873.0 0.5858842082560858
873.5 0.9725409477173902
874.0 1.2127894874029268
874.5 1.4267533727459265
875.0 0.6184601397162754
875.5 0.8507490357298593
876.0 1.016565969340189
876.5 1.2340975447376237
877.0 0.7686152093986793
877.5 0.5214730397404926
878.0 1.5968382924903048
878.5 1.0579680139010617
879.0 1.23533170916176
879.5 0.8901196558882399
880.0 0.9254614598307588
880.5 0.5419716354196796
881.0 0.8925850427614224
881.5 1.7483792119787411
882.0 0.4936794571579013
882.5 1.8131572456975507
883.0 1.6014616474255838
883.5 1.0002748930642138
884.0 0.9805464560622575
884.5 0.9457390371782813
885.0 0.4721783169380076
885.5 0.6575435910601349
886.0 0.931913594911624
886.5 0.7645288964431272
887.0 1.2897195844961105
887.5 0.7847797946606262
888.0 1.4312929982198908
888.5 0.9901376854191049
889.0 1.557928814633792
889.5 1.3265541795785083
890.0 0.9057903383417211
890.5 0.93942621017783
891.0 0.9318553094442489
891.5 1.1568140049804447
892.0 0.4657686240403565
892.5 0.8238630935025134
893.0 1.0374366923890375
893.5 1.6115571740998513
894.0 1.0409367861214889
894.5 1.4056594260752016
895.0 1.3856383339319662
895.5 0.9476767972629477
896.0 0.6914727765195505
896.5 1.3489052542432847
897.0 0.773818433183841
897.5 0.9068089372787395
898.0 0.9623186609965647
898.5 0.9295294771555308
899.0 1.0305596392226226
899.5 1.8983062918722622
900.0 1.3794955485128306
900.5 0.7529139698314029
901.0 0.5669679819683944
901.5 1.000325651745213
902.0 1.0885318692530328
902.5 1.0111871577378015
903.0 1.131557764858798
903.5 0.6146284310306802
904.0 1.117553678451177
904.5 1.3158098795669173
905.0 1.1703477535354012
905.5 0.8922964540724144
906.0 1.3356280412946435
906.5 0.6622145345848166
907.0 1.0851372616058095
907.5 1.0755033632629714
908.0 1.1789345203431578
908.5 1.1392952409546044
909.0 0.48937549008125025
909.5 1.1075378663457736
910.0 0.6152292353269639
910.5 0.9080451968047413
911.0 1.0894998079049798
911.5 0.6572915877910155
912.0 1.4837289567669028
912.5 0.7674663620709296
913.0 0.9530095537510478
913.5 0.6075434331881023
914.0 0.99778072572398
914.5 1.483968276393771
915.0 1.7321861233967928
915.5 0.6522026384292208
916.0 0.7650596352687309
916.5 0.928988257799747
917.0 0.817933612967389
917.5 1.2692199177812682
918.0 0.9763624676214333
918.5 0.7451737862007339
919.0 0.5312618727134305
919.5 1.227483675577533
920.0 0.7260641989525938
920.5 0.9856880897578925
921.0 0.8761802145935276
921.5 0.7037768666121874
922.0 0.7587160589374422
922.5 0.3199643591770793
923.0 0.7886512645591283
923.5 1.6471768942979403
924.0 0.6144537741037732
924.5 1.1766151839444867
925.0 0.3651887127361637
925.5 1.5996324487218203
926.0 0.6138545759686425
926.5 1.0309375407112502
927.0 0.8661947286284668
927.5 0.9260190107437679
928.0 0.7322877143575115
928.5 0.7716613484849764
929.0 1.310246477116221
929.5 1.0072026369401916
930.0 0.9464303721983939
930.5 1.0081251218478255
931.0 1.6116804706447234
931.5 0.6664408906305852
932.0 1.1484793212678786
932.5 1.5183715660475172
933.0 0.9663911239665838
933.5 1.0947172057290973
934.0 1.6022942821368589
934.5 1.0379452173017527
935.0 0.8121706871133769
935.5 0.7180203475889977
936.0 0.6976647439729374
936.5 0.8293249647118854
937.0 0.981053042487996
937.5 1.3492401369711486
938.0 1.2246152914769812
938.5 1.0258898357874178
939.0 0.9223315350818041
939.5 0.8070331611052066
940.0 1.0600857380088793
940.5 0.41614364163889817
941.0 0.7083467869010265
941.5 1.0652253708077486
942.0 0.6719442363589672
942.5 2.0205181443234346
943.0 1.0951957642424097
943.5 1.0240261248255442
944.0 0.8317398086740636
944.5 0.6163719184612216
945.0 0.8522401184367547
945.5 0.6807779027405925
946.0 1.6252656532505978
946.5 1.075176374924661
947.0 1.005391944715359
947.5 1.4481150324003824
948.0 0.9719783123669284
948.5 0.8478050800530743
949.0 0.7650984201293103
949.5 0.8530066937461325
950.0 0.9652615864360804
950.5 0.6728366403293584
951.0 0.4251351735027197
951.5 1.043497917623728
952.0 1.5400681543717485
952.5 0.9318304890413474
953.0 1.12210520838045
953.5 0.9170226719665656
954.0 0.7593010296999996
954.5 1.1809026884151175
955.0 0.951275140092285
955.5 0.5237535163635286
956.0 1.4415781511149832
956.5 1.0265246874519085
957.0 0.31436143798833494
957.5 1.082306340319756
958.0 0.6904164303321263
958.5 0.6630590828530143
959.0 0.6769859488089002
959.5 0.7905126670915019
960.0 0.8649825563202725
960.5 0.6915697473331971
961.0 0.7830322205559344
961.5 0.6629189889607017
962.0 0.6290703509241549
962.5 0.849791857418473
963.0 0.8101740917252307
963.5 0.8886592167422065
964.0 0.578750903848399
964.5 1.5395354633961766
965.0 0.6674983379808517
965.5 0.7236571822324873
966.0 0.9238298019652873
966.5 0.7405216279187115
967.0 1.056735585236471
967.5 1.0424657295984314
968.0 0.8656831825334922
968.5 1.193218217373045
969.0 1.310216439135504
969.5 0.8120291657072529
970.0 0.5700580431538811
970.5 1.2173621930920877
971.0 1.6357869959300644
971.5 0.6427967929536248
972.0 0.6727863446737958
972.5 0.879940957184244
973.0 1.4829034155578138
973.5 0.6885768124319596
974.0 1.495743516656023
974.5 1.6026084019100595
975.0 1.0044027300862493
975.5 1.1008985388264005
976.0 1.277741697405808
976.5 0.9194837560486313
977.0 1.0328319450764427
977.5 1.0339528384166186
978.0 1.6642728899129051
978.5 1.4993253750866602
979.0 1.019872101838113
979.5 0.8719651478901644
980.0 1.243230457420562
980.5 0.57957150823718
981.0 0.4063750913777391
981.5 1.2715982663225938
982.0 1.532794093024774
982.5 0.9664436595473141
983.0 2.0579563269821564
983.5 0.9866189854873462
984.0 0.3926562062305792
984.5 1.3500775157678069
985.0 0.9692402719745714
985.5 0.7841561031156714
986.0 1.5833992261646483
986.5 0.8407697608183788
987.0 1.1152351827401075
987.5 1.3746128422588546
988.0 0.9563595377756999
988.5 0.774126681987194
989.0 0.8153870704649919
989.5 1.0892889191948605
990.0 0.5957981516375597
990.5 0.9734655709538587
991.0 0.6760061973431644
991.5 0.7865537755941713
992.0 1.0568461747214961
992.5 0.9854344762887953
993.0 1.1979420006164072
993.5 1.036533148847563
994.0 1.6732754290579246
994.5 1.1935706634106955
995.0 0.5533602042375829
995.5 0.9439377227976506
996.0 0.5142062392170944
996.5 0.9600629847503642
997.0 0.6501302610330004
997.5 0.7490177351664437
998.0 0.633140409513512
998.5 0.9699743834004136
999.0 0.5528337173242741
999.5 0.7555127079554862
1000.0 1.4158522130190336
1000.5 0.837578099247325
1001.0 1.0198435420940541
1001.5 0.7641388106976561
1002.0 1.130009640394204
1002.5 1.1288649154237103
1003.0 1.1053801719200345
1003.5 1.7803141531316093
1004.0 0.6341015406349121
1004.5 1.1712022289714177
1005.0 1.046950642294185
1005.5 1.1780804842885577
1006.0 0.8885155449891967
1006.5 0.5017640478627892
1007.0 0.8972691855467197
1007.5 0.7889833148071271
1008.0 1.1023993096242164
1008.5 0.6885340108635537
1009.0 1.1423372153487867
1009.5 0.7332365574298481
1010.0 1.2193768864380388
1010.5 1.0165404904609168
1011.0 0.6282268852591323
1011.5 0.6168791747867851
1012.0 1.0831675639084222
1012.5 1.0574644664744124
1013.0 0.7567196261616969
1013.5 0.8922541208438148
1014.0 1.522966754761638
1014.5 0.6850202598677564
1015.0 0.9434637809032476
1015.5 1.268194521638061
1016.0 1.046603339645157
1016.5 0.942785026491815
1017.0 0.99783306532991
1017.5 1.0515252372583315
1018.0 0.7199801117935651
1018.5 0.7046543602774569
1019.0 0.5140164983376814
1019.5 0.3550571214698347
1020.0 0.8257053750320568
1020.5 1.123413757770222
1021.0 1.089907178665493
1021.5 1.04632379472554
1022.0 0.5385265175337879
1022.5 0.7283324849206355
1023.0 0.5238607517705056
1023.5 0.8493938026905302
1024.0 1.1048889752432582
1024.5 0.8390315059063841
1025.0 0.9307315570475493
1025.5 0.9520456321158789
1026.0 0.8480919349312683
1026.5 0.6596187186789219
1027.0 1.3367581471669148
1027.5 0.8827794351294413
1028.0 1.6749341285053831
1028.5 0.8551896329340944
1029.0 0.9135923999190019
1029.5 1.1326595864287063
1030.0 0.7514604368963027
1030.5 0.4789723937123803
1031.0 1.310719468168955
1031.5 1.2421312070309467
1032.0 1.5921728218998012
1032.5 1.2372484419235992
1033.0 1.101823703610783
1033.5 0.919074553639819
1034.0 1.787342114685515
1034.5 0.5816994701194486
1035.0 1.0487145213680182
1035.5 0.8557704226558148
1036.0 1.448834574812711
1036.5 0.8835674332087858
1037.0 1.0837694119319574
1037.5 0.9811503934718866
1038.0 0.9010676536412976
1038.5 1.2269835801847218
1039.0 0.47689710349233777
1039.5 1.02379756604254
1040.0 0.5778097175433943
1040.5 0.838362115105789
1041.0 0.8755221335659826
1041.5 1.8310011646874447
1042.0 0.8354001282330812
1042.5 0.7954982989242798
1043.0 1.0500572160198405
1043.5 0.8336767275421554
1044.0 1.1617881830570695
1044.5 0.7161205642543476
1045.0 0.9903779763117999
1045.5 1.1972947336575874
1046.0 1.0780741497649142
1046.5 0.8777722988845736
1047.0 1.0744154461589104
1047.5 1.4392432363009493
1048.0 1.061614080504932
1048.5 0.6531216502986887
1049.0 0.7721061907465525
1049.5 1.1374871113199172
1050.0 1.0073311450285378
1050.5 0.5567252422929456
1051.0 1.665012127434479
1051.5 1.1400522236825352
1052.0 2.1111774227015214
1052.5 1.4307863848965416
1053.0 0.6708213672175696
1053.5 1.2312748311327897
1054.0 1.1150544022579014
1054.5 1.7095993232742797
1055.0 1.5902429269439118
1055.5 1.34453075764133
1056.0 0.8459084787614408
1056.5 0.8871236119902949
1057.0 0.92235569075137
1057.5 0.9331107520133887
1058.0 2.113657783413638
1058.5 1.3379404914988724
1059.0 1.5406699179410412
1059.5 1.9385685848480576
1060.0 0.60143532195499
1060.5 0.81787680117688
1061.0 1.3740954172696958
1061.5 0.7617716417229761
1062.0 0.75859701384189
1062.5 0.8070357639703138
1063.0 0.7328340132649356
1063.5 1.1815498660952581
1064.0 0.767986152061632
1064.5 0.4132696657678355
1065.0 1.0004506284846584
1065.5 0.580706870318195
1066.0 1.3736392900064742
1066.5 1.293761899359445
1067.0 0.5192402492479541
1067.5 1.1608845110048531
1068.0 0.4685863020810203
1068.5 1.2338902036562764
1069.0 0.4691338974520313
1069.5 1.2633777009336904
1070.0 1.519846965592309
1070.5 1.64658019677759
1071.0 0.40412180973024225
1071.5 0.3774886626017783
1072.0 0.7174492861198735
1072.5 0.937688457911412
1073.0 1.037469118456471
1073.5 1.6449258098625628
1074.0 0.9827575954256625
1074.5 0.8893344201779163
1075.0 1.7519067526751089
1075.5 0.6092508667690492
1076.0 1.3212720654241603
1076.5 0.7735483216666925
1077.0 0.8271942771849614
1077.5 0.6361512493875519
1078.0 1.194707722314134
1078.5 1.6605485367843218
1079.0 0.9392167326249751
1079.5 0.5941191433910875
1080.0 1.0252396632579233
1080.5 1.6446869472950012
1081.0 0.7955983677303913
1081.5 1.0251317560267075
1082.0 0.9575493658823324
1082.5 0.8378855664932823
1083.0 1.55927224116992
1083.5 0.847091902049715
1084.0 0.748218769746224
1084.5 1.8906578452639065
1085.0 0.7329359445222079
1085.5 0.9599784436314935
1086.0 0.8022937288469093
1086.5 0.9890414998552666
1087.0 0.4074823530751299
1087.5 0.8159467997330418
1088.0 1.1390164771718587
1088.5 0.9477359543107556
1089.0 1.2876825265976763
1089.5 0.9551371469570052
1090.0 1.6391894869915848
1090.5 0.6509129524274779
1091.0 1.218505611370376
1091.5 0.6191726598380931
1092.0 0.8766884486714539
1092.5 0.8694961634142861
1093.0 0.7778033522169803
1093.5 0.468943766567786
1094.0 1.0023338046584962
1094.5 1.6747735822487568
1095.0 1.00555295770818
1095.5 0.9309378287586354
1096.0 0.773281134549155
1096.5 1.0610954471574288
1097.0 1.322709309031394
1097.5 0.38705189032268705
1098.0 0.652476423724869
1098.5 1.000161793762085
1099.0 0.8173482748638435
1099.5 1.4607462239525923
1100.0 0.6345945938788886
1100.5 2.1846857397774975
1101.0 1.3848795876024447
1101.5 1.4531294292856063
1102.0 0.90053087641023
1102.5 0.5971075094687972
1103.0 0.4229555880691466
1103.5 0.7922585882244839
1104.0 1.1616794489284898
1104.5 1.2120685693969029
1105.0 0.6965940560637806
1105.5 0.6194347433766575
1106.0 1.0014681134495786
1106.5 0.589282746087229
1107.0 0.7511072915820728
1107.5 1.3549645906391887
1108.0 1.7557826476559204
1108.5 1.236306184040389
1109.0 0.5556286019006398
1109.5 1.0612147096163063
1110.0 0.6609030045951583
1110.5 1.039874901681373
1111.0 1.1489718718894129
1111.5 0.6086673942677339
1112.0 1.4872689829139216
1112.5 0.6156156873251172
1113.0 1.0315677602716804
1113.5 0.6522898707958964
1114.0 1.5365662247074905
1114.5 0.9571790257651859
1115.0 1.1669905045717364
1115.5 0.9973251029935709
1116.0 1.6920218894810777
1116.5 1.4036299295831471
1117.0 1.7114283943221253
1117.5 0.8912906121630709
1118.0 0.7677157820831527
1118.5 0.4098148627886896
1119.0 0.8143711030619293
1119.5 0.8081678725559951
1120.0 1.1000506803864059
1120.5 1.483511589120757
1121.0 1.2936190159291656
1121.5 1.328559077156389
1122.0 0.643214557847948
1122.5 1.152884596984165
1123.0 0.745579362854147
1123.5 0.27885989099990693
1124.0 0.8897900554335245
1124.5 0.7025418991984619
1125.0 0.7980927465447041
1125.5 0.6150496547774578
1126.0 0.844131399376435
1126.5 1.2419982536588037
1127.0 1.6920373233412107
1127.5 0.6765655389935217
1128.0 1.853765596487615
1128.5 0.8103858230121497
1129.0 0.6778931861774522
1129.5 1.2928720631930957
1130.0 2.2786675950699005
1130.5 0.6354321796439093
1131.0 0.9057291036757238
1131.5 0.45158089229204473
1132.0 0.6023436560634334
1132.5 0.5603233156013425
1133.0 0.5576725888871084
1133.5 0.9785253879608434
1134.0 0.9055476969155412
1134.5 1.3437514736444722
1135.0 1.1369657409938871
1135.5 0.9446746723769364
1136.0 1.1515785767021625
1136.5 0.9110607061740849
1137.0 0.987807219967218
1137.5 1.297544763374077
1138.0 1.8013400883569402
1138.5 0.6277315712660537
1139.0 1.3375739930649893
1139.5 0.3341857696504068
1140.0 0.8765300004657269
1140.5 1.1269607632175216
1141.0 1.3582353154804312
1141.5 1.5010501773463547
1142.0 1.5075046226498814
1142.5 0.9081170898798544
1143.0 0.7158704541291767
1143.5 0.7492029697753303
1144.0 0.8485699207840786
1144.5 0.8760871597963085
1145.0 0.666515764094774
1145.5 0.7496419988622556
1146.0 0.5255803064607303
1146.5 1.0706739467387973
1147.0 0.9134708967108384
1147.5 1.3385554593521305
1148.0 0.7933372080167681
1148.5 0.3048114817962958
1149.0 1.028608356700919
1149.5 0.5521912184971511
1150.0 0.7696848532105988
1150.5 1.4949094819879578
1151.0 0.7619411779214118
1151.5 0.5237506768041467
1152.0 0.5661783170455843
1152.5 1.4795781367714074
1153.0 1.1262130191262976
1153.5 0.7494176314159497
1154.0 0.8374006132993191
1154.5 1.2484023284065031
1155.0 0.6094013253599826
1155.5 0.8697407633758324
1156.0 0.7126681381146525
1156.5 0.9398269646193648
1157.0 1.6662372611789666
1157.5 1.0360598160240437
1158.0 0.9322124112763763
1158.5 1.5860930509461983
1159.0 0.818509977039077
1159.5 0.7859893689187722
1160.0 0.7580110873542587
1160.5 1.1036005533978748
1161.0 1.0039736390047687
1161.5 0.7419021060561014
1162.0 1.0669128775787293
1162.5 0.6105600709751405
1163.0 0.8543804497292072
1163.5 0.4943309063363891
1164.0 1.6913345743534838
1164.5 0.4449522470833822
1165.0 0.8879690488657289
1165.5 0.7548466753011027
1166.0 0.8331792496636865
1166.5 1.528758992654065
1167.0 1.1034579218028036
1167.5 1.3167989080810396
1168.0 1.081306355884403
1168.5 1.4118078781690624
1169.0 2.070565664111551
1169.5 0.41384101756652336
1170.0 1.471984458574356
1170.5 1.6643946648639512
1171.0 1.2287245432618863
1171.5 0.8210397134260329
1172.0 1.2314072987216533
1172.5 0.8599149407095407
1173.0 1.1715654351958333
1173.5 0.8087509822233259
1174.0 1.4332382906791847
1174.5 0.8281655430442696
1175.0 1.222222644914243
1175.5 1.7970459714455447
1176.0 0.6894192647533712
1176.5 0.6424145321573658
1177.0 0.9060388840275874
1177.5 0.777070969997852
1178.0 1.3232423500370853
1178.5 0.6603127667711001
1179.0 1.5275391719723892
1179.5 0.9016098223580263
1180.0 0.7667139195155468
1180.5 1.3900548225371032
1181.0 1.338684970602361
1181.5 1.2132932973530333
1182.0 0.7210572813482927
1182.5 1.711163797014099
1183.0 1.6114463377003072
1183.5 0.6832091325453553
1184.0 1.024878812220783
1184.5 0.47156210100206775
1185.0 0.2
1185.5 1.454453483253019
1186.0 0.7372602947604856
1186.5 0.76328136370383
1187.0 0.9524930955772594
1187.5 1.324302766953402
1188.0 1.154767512166147
1188.5 1.3736177555582594
1189.0 0.8460407056645428
1189.5 0.8294223969688963
1190.0 0.9075298463715668
1190.5 0.6909901082447288
1191.0 1.8203670667150074
1191.5 1.2808183296995699
1192.0 0.9433206540587252
1192.5 1.272457893929276
1193.0 0.6862069269677479
1193.5 0.8001145484814314
1194.0 0.5968808659911283
1194.5 0.7941594180504585
1195.0 0.8912169102505365
1195.5 0.6437139021696421
1196.0 0.907043943061485
1196.5 0.8325455331919054
1197.0 0.6785261020486426
1197.5 1.1601433151439207
1198.0 0.6269108211256575
1198.5 0.5095926305047125
1199.0 1.5509402124478622
1199.5 0.9806289074269731
1200.0 0.6923709983337658
1200.5 0.6664071356771032
1201.0 0.753291114282002
1201.5 1.202770352162428
1202.0 2.052312904204751
1202.5 1.029137203526767
1203.0 0.7618787027903351
1203.5 1.27590987065116
1204.0 1.0510954938081736
1204.5 1.932885755641784
1205.0 1.43848450379196
1205.5 0.8116191227705639
1206.0 0.6391642126664806
1206.5 0.7783284539022707
1207.0 0.7096670767363119
1207.5 0.7411285439268396
1208.0 0.8166141832062908
1208.5 0.8266812312663196
1209.0 1.234059529621356
1209.5 0.890701472876711
1210.0 1.6498989362145804
1210.5 0.9989341930146821
1211.0 1.6984220897088114
1211.5 1.5139582786975154
1212.0 1.0101890030204836
1212.5 1.2265264162740679
1213.0 1.208591209922115
1213.5 0.89389908789322
1214.0 0.37063572753529794
1214.5 0.6102276200372467
1215.0 0.5283292029581408
1215.5 1.359169888597437
1216.0 0.6822205518625086
1216.5 1.5617430746817462
1217.0 0.9014189463027674
1217.5 0.7615744991410205
1218.0 1.0392557376800224
1218.5 1.1255286693347357
1219.0 1.6331729559015709
1219.5 1.3403653405932103
1220.0 1.092128998845769
1220.5 0.9217792627734408
1221.0 1.1936741561750233
1221.5 0.8306957053571382
1222.0 0.9878822958957815
1222.5 1.393159716518086
1223.0 0.7163896126417966
1223.5 0.6323781797563683
1224.0 1.1393596241513686
1224.5 1.0106965668125738
1225.0 0.8280268413219013
1225.5 0.9896804591396587
1226.0 0.7565452220995497
1226.5 1.2764664172687268
1227.0 1.1711743981932128
1227.5 1.0143840223091916
1228.0 1.2373738081990737
1228.5 0.5919504379391958
1229.0 0.7256832140827375
1229.5 0.762640138489638
1230.0 0.8643869178360422
1230.5 0.7268371059389868
1231.0 0.7925479816159987
1231.5 1.3253675701077277
1232.0 0.7292001816408842
1232.5 1.0617332394824714
1233.0 0.8657487746527188
1233.5 1.7128941952995933
1234.0 1.3320372261689668
1234.5 1.7612632438169573
1235.0 0.5598762963824433
1235.5 0.8182051449730985
1236.0 0.8621152029270828
1236.5 2.112156777682603
1237.0 0.3339475459922856
1237.5 0.8054642983045754
1238.0 1.4431781826025132
1238.5 1.070616708961155
1239.0 0.7499812555785471
1239.5 0.5465458518350904
1240.0 0.6897229658010344
1240.5 1.573897861820177
1241.0 0.8882554122744478
1241.5 1.270892497951142
1242.0 0.8004279333098385
1242.5 1.3835460600487353
1243.0 0.7975085211363414
1243.5 0.7594838247571288
1244.0 1.4287061402258334
1244.5 0.9652669669880765
1245.0 0.8960127523780785
1245.5 1.3748505312532329
1246.0 1.0062656836327464
1246.5 0.9409747133033595
1247.0 0.8721761870554438
1247.5 0.6619364968092671
1248.0 1.0112067113810626
1248.5 0.8249616791186839
1249.0 0.8563811753688114
1249.5 1.3682422496850108
1250.0 1.3274333584402598
1250.5 0.7649514514821256
1251.0 0.4543091696541519
1251.5 0.9222115287854382
1252.0 0.8566894661565809
1252.5 1.4257339469319197
1253.0 0.7287358759935841
1253.5 1.5710465349807992
1254.0 0.8955585455945636
1254.5 0.550986542330151
1255.0 0.5326175919711562
1255.5 0.9650227034327976
1256.0 0.7749267278051539
1256.5 1.3858059242044014
1257.0 0.7843169437176727
1257.5 0.8805169358721395
1258.0 0.9196892321133395
1258.5 1.5750340014123627
1259.0 0.4316948340788711
1259.5 0.6821456990236181
1260.0 0.9428477777332306
1260.5 0.2351457928092855
1261.0 0.8512065218310189
1261.5 1.105257849058145
1262.0 0.8882835957568324
1262.5 0.82180470519306
1263.0 0.6672990045705633
1263.5 0.5892904975228479
1264.0 1.3038948795299734
1264.5 1.078577304165726
1265.0 0.7744900381174431
1265.5 1.3146128722643797
1266.0 0.4600057105985532
1266.5 0.4119642666703998
1267.0 0.7597131910208847
1267.5 0.5449597823336989
1268.0 0.832280508293752
1268.5 1.166598133285301
1269.0 0.7738580638608785
1269.5 1.4754597038680681
1270.0 0.7091355171591338
1270.5 1.021850841787225
1271.0 1.333057675343349
1271.5 1.2159464181117818
1272.0 0.6680412167536764
1272.5 0.8927078104034588
1273.0 1.3178885929791817
1273.5 0.7733545981533495
1274.0 0.6832872126182393
1274.5 1.347864982998669
1275.0 0.9993105019677488
1275.5 1.328931651832129
1276.0 1.5726624148026942
1276.5 0.935208237919141
1277.0 1.5157090181296504
1277.5 1.5221857268185324
1278.0 0.7707551807157029
1278.5 0.9887253244133482
1279.0 0.704634748006816
1279.5 0.5492073207507702
1280.0 2.049629902306148
1280.5 0.6550846209614943
1281.0 1.5267136377079982
1281.5 0.816925570505877
1282.0 0.9976118194153274
1282.5 0.717389251119134
1283.0 0.3847379357571097
1283.5 0.5947768090876077
1284.0 0.699377441901849
1284.5 0.7156974009168118
1285.0 1.216017252254517
1285.5 0.8376207528685493
1286.0 1.1622731429921744
1286.5 0.7079779616439001
1287.0 0.7756684423194342
1287.5 0.9706818450004565
1288.0 2.0665408396106204
1288.5 0.9638938365617032
1289.0 0.8807422518787039
1289.5 0.9705690103662901
1290.0 0.8450562631034181
1290.5 1.05031697748657
1291.0 1.029047938780237
1291.5 0.6398409092885936
1292.0 0.7138798819661623
1292.5 0.9449327245709555
1293.0 1.3370701573686596
1293.5 1.079669252458643
1294.0 0.7813702314669624
1294.5 0.7543487636563224
1295.0 1.4050872887649581
1295.5 0.7878388271395523
1296.0 0.4350109029334167
1296.5 0.6347159921926392
1297.0 0.8096368023034092
1297.5 0.6822195599752808
1298.0 1.6670723395375249
1298.5 1.8575717901611748
1299.0 1.6388804224214728
1299.5 1.3120719329575936
1300.0 0.9687166271357163
1300.5 0.634154442510279
1301.0 1.5511013047562048
1301.5 0.8060731627095898
1302.0 0.8582768191606097
1302.5 1.0662112027839927
1303.0 0.7697477147456087
1303.5 1.7051048401078552
1304.0 1.6011862097128278
1304.5 1.1981579003288034
1305.0 0.5172535781668435
1305.5 0.7717388871331334
1306.0 0.9451454742769244
1306.5 1.219103049349524
1307.0 0.7125094904420383
1307.5 1.1554208562004908
1308.0 1.0444196026380024
1308.5 1.442402352478713
1309.0 0.958242823252311
1309.5 0.58978602793644
1310.0 0.8800584806557379
1310.5 1.3331401885325151
1311.0 1.2108280612619633
1311.5 1.7932616285596494
1312.0 1.2649892425795657
1312.5 0.9483410195001233
1313.0 1.0920100822293686
1313.5 1.2218786083505973
1314.0 1.1134068517455
1314.5 0.9630909886689865
1315.0 0.633871251868484
1315.5 0.7695891395259693
1316.0 1.630302734536567
1316.5 1.0702931345175197
1317.0 1.3794430107166984
1317.5 0.7431645846124051
1318.0 1.0990162298236839
1318.5 1.1943363323787568
1319.0 1.2581446408191277
1319.5 1.0110258108982504
1320.0 0.666189046254878
1320.5 1.1606168391687244
1321.0 0.8609733822715095
1321.5 0.7612451563944047
1322.0 0.7331698569087325
1322.5 1.7327667130587638
1323.0 1.3057177938019082
1323.5 1.9174031138666527
1324.0 1.1797840436875229
1324.5 0.7324801585478546
1325.0 0.9213787161855226
1325.5 0.5408205822317409
1326.0 0.7493240656750317
1326.5 0.7841502068286351
1327.0 0.9401046058893872
1327.5 1.3464308412265624
1328.0 1.9499991697130374
1328.5 0.5756949361240675
1329.0 0.7597496844559151
1329.5 1.3550345438289106
1330.0 2.0216555431029706
1330.5 1.461263920358859
1331.0 0.8959032470441165
1331.5 0.8713880348837107
1332.0 1.2666452546550353
1332.5 0.7262050817674311
1333.0 0.856632638733171
1333.5 0.8365951068884687
1334.0 1.0438247696819185
1334.5 1.0316385063512283
1335.0 1.0363193947361244
1335.5 0.7894512492118062
1336.0 0.9363594340824625
1336.5 1.0236494268205405
1337.0 0.8040641789870551
1337.5 1.009588954433862
1338.0 0.24702060874888432
1338.5 0.9818615898026061
1339.0 1.6190990796564289
1339.5 0.773953498222827
1340.0 1.049148381844953
1340.5 1.464087259914305
1341.0 0.7130917639793849
1341.5 0.9568104207029844
1342.0 1.1849043425564134
1342.5 0.7450037025690397
1343.0 1.8615137430220337
1343.5 1.6027852757704997
1344.0 1.2514927967573968
1344.5 0.7405954913188509
1345.0 1.0383014751470405
1345.5 1.0802346565633711
1346.0 1.275142291120087
1346.5 0.4737506586688022
1347.0 0.4206528661567648
1347.5 1.1843469629254337
1348.0 0.9908518965670484
1348.5 1.2693298196892753
1349.0 1.1398681842917213
1349.5 0.8892948633747059
1350.0 0.8899873071352798
1350.5 0.8476030274375476
1351.0 1.0430797408618082
1351.5 1.030186909060605
1352.0 1.6346319433905716
1352.5 0.501899359449428
1353.0 1.5781106187641436
1353.5 0.6684927578143942
1354.0 0.7188235066956447
1354.5 0.6993104583660534
1355.0 0.5701800714709264
1355.5 0.6534428781609098
1356.0 0.9726868059384045
1356.5 0.9074450987836181
1357.0 0.9299101568391792
1357.5 0.8585785154160535
1358.0 0.9822295132581887
1358.5 0.6659061356284246
1359.0 1.2451034708344957
1359.5 1.2830944290907922
1360.0 0.9759265689376451
1360.5 0.9032288815559837
1361.0 1.1811597620061591
1361.5 1.2262105015117837
1362.0 1.550123374171395
1362.5 0.9148517189989136
1363.0 1.4232792725362198
1363.5 1.4265887556392767
1364.0 1.3270109701844164
1364.5 0.8526283660712481
1365.0 0.6556558361625054
1365.5 1.853507939766152
1366.0 1.0770530269848038
1366.5 0.8837673547328866
1367.0 0.7950330603611337
1367.5 1.0288377260665174
1368.0 1.5163974087609113
1368.5 1.410707861040605
1369.0 1.6980501753070212
1369.5 1.4455932502066533
1370.0 1.1748590137226218
1370.5 0.4529986792323878
1371.0 0.698723676279765
1371.5 1.781567922271218
1372.0 1.3599947834629074
1372.5 0.8159808009187649
1373.0 0.7825567816316483
1373.5 0.6421003216545331
1374.0 0.48583453064109655
1374.5 1.0459259693738967
1375.0 0.8524458206387517
1375.5 0.7517275393040634
1376.0 0.26558901723691
1376.5 1.2269928559066359
1377.0 0.9290910177058731
1377.5 1.5842024999728643
1378.0 1.0418949836233784
1378.5 0.9967718731191149
1379.0 0.5732064968031156
1379.5 1.3227674489667343
1380.0 1.0440235332430858
1380.5 0.7361887207673247
1381.0 1.4030458599999158
1381.5 0.655854226598643
1382.0 0.3940869989010292
1382.5 1.211425272183845
1383.0 1.6228259782056225
1383.5 1.101849577359304
1384.0 0.5813122586256482
1384.5 1.4654215854021175
1385.0 0.7253732394665715
1385.5 1.52259756222624
1386.0 0.36039528084109484
1386.5 1.5473769303268434
1387.0 1.0726570914012719
1387.5 0.2678931091491815
1388.0 1.102392773847702
1388.5 0.9193504960150765
1389.0 1.0022641590526598
1389.5 1.448095587355649
1390.0 0.9080025333623742
1390.5 2.041071401259881
1391.0 1.4375130852399207
1391.5 0.7448074598119632
1392.0 1.2632088177876741
1392.5 1.1275509030625754
1393.0 0.6749505682918889
1393.5 0.6168610361727165
1394.0 0.6597436326105295
1394.5 1.0146620885214324
1395.0 0.560604272550065
1395.5 0.9986175144003842
1396.0 1.1226278367734448
1396.5 0.5047499268105973
1397.0 0.7019402084427105
1397.5 1.522268161903729
1398.0 1.3981463568559587
1398.5 1.3203899546495266
1399.0 0.6777865150515145
1399.5 0.6337763825013653
1400.0 1.397898289887722
1400.5 0.9691160971817908
1401.0 0.8144132884093418
1401.5 0.8480979096692971
1402.0 0.5006920332584875
1402.5 1.0687463698031299
1403.0 0.8042951984268373
1403.5 2.0548002451521454
1404.0 1.2139080042162986
1404.5 0.6331093591306199
1405.0 1.6628007428296976
1405.5 0.7181479423476367
1406.0 1.0979297685423122
1406.5 1.549897858117574
1407.0 0.6504525944543955
1407.5 1.278645140621418
1408.0 0.9528226709655458
1408.5 1.2091329742242765
1409.0 0.6793672359178518
1409.5 1.3460645025873932
1410.0 1.2613582727316153
1410.5 0.7588025010577584
1411.0 0.9285542982762176
1411.5 1.109998337972894
1412.0 1.1924195621262381
1412.5 1.1941551046224284
1413.0 1.0856179459751547
1413.5 0.6898447341362318
1414.0 1.2482187788355092
1414.5 0.6231946708182189
1415.0 1.211303315153336
1415.5 0.9242291774216944
1416.0 0.6314284714594669
1416.5 0.7612677350183155
1417.0 1.1808663216011628
1417.5 0.8441822628708705
1418.0 1.472803126786434
1418.5 0.8439852590778644
1419.0 1.7130000600081363
1419.5 1.0461799344874008
1420.0 0.2
1420.5 1.2084000936639572
1421.0 1.0818360421557445
1421.5 1.1629112679131055
1422.0 0.5416612724231578
1422.5 1.4682838185325446
1423.0 1.8768883898093112
1423.5 1.5121702829704495
1424.0 0.7434589581594747
1424.5 0.778831715940056
1425.0 0.7704102592299835
1425.5 0.8631456869941452
1426.0 1.016626263896646
1426.5 0.8768061456518871
1427.0 1.0757665446810667
1427.5 1.2436385290472527
1428.0 1.065326014046727
1428.5 1.2063227827573648
1429.0 1.6668230895901406
1429.5 1.670046868544092
1430.0 1.838610869180484
1430.5 0.8744198149557886
1431.0 0.8474190371844171
1431.5 0.9097324232659886
1432.0 0.45254751566886603
1432.5 1.11920034314659
1433.0 1.137323794065409
1433.5 0.9938326043577723
1434.0 1.3588724797719172
1434.5 1.050630628257085
1435.0 0.8674226385075618
1435.5 1.1598610045566535
1436.0 0.5187934267988309
1436.5 1.2408600793847921
1437.0 0.6937571050851565
1437.5 1.4251838759644202
1438.0 1.0766342928798602
1438.5 0.8549132911115256
1439.0 1.1546112189956368
1439.5 1.718584428516006
