0 0.7560819494361977
0.5 1.160381895815939
1.0 0.7869444782070159
1.5 1.229249983126077
2.0 0.8680358816136625
2.5 0.3053419005495518
3.0 0.9907211701591766
3.5 0.962623856456745
4.0 0.6351067340388444
4.5 1.395977847392126
5.0 0.6788665729999896
5.5 0.8427302470251223
6.0 0.8854135522149246
6.5 0.9511973215741009
7.0 0.8489779058757989
7.5 1.487818768936684
8.0 0.8489856916907039
8.5 0.935676030770453
9.0 0.5484508111523861
9.5 0.46263970374234487
10.0 1.009491335576008
10.5 1.0795209613829075
11.0 1.2418539297142155
11.5 1.010414709108622
12.0 1.9306600316759832
12.5 1.166947275343341
13.0 0.8121693002767976
13.5 1.2380875069245163
14.0 1.0075310003543492
14.5 0.8236128622104474
15.0 0.5885292093053951
15.5 1.3844029146498213
16.0 0.8244469867809473
16.5 0.7422078612993643
17.0 1.2866484801891724
17.5 0.7456128324701923
18.0 0.7150222084477187
18.5 0.5559090137990232
19.0 1.2283650302759752
19.5 0.7173875780594801
20.0 1.0155224388650157
20.5 0.774279646460541
21.0 1.1430876320478882
21.5 1.2536355184642698
22.0 1.1998648906597988
22.5 0.7094880152501399
23.0 1.1869716789517957
23.5 1.4885272171737536
24.0 0.5336164740902158
24.5 0.9140887227895463
25.0 0.8016301485644657
25.5 0.5206110279233533
26.0 0.3952301928802733
26.5 0.9221344881801347
27.0 1.2209440591188963
27.5 1.4234828515235898
28.0 1.0126533273207166
28.5 0.9571835645242454
29.0 0.7164720647706616
29.5 1.5187224470649858
30.0 2.4248534601378475
30.5 0.8559092838095661
31.0 0.2
31.5 2.0277649189813256
32.0 0.9077149860023295
32.5 1.4090308087725383
33.0 1.4458036085703623
33.5 0.6619582579244184
34.0 0.9750779314404275
34.5 1.2580209964450089
35.0 0.5736611880864635
35.5 1.194371634627149
36.0 1.4339595396822542
36.5 1.496615497071946
37.0 0.8637502190598668
37.5 1.6542838795148054
38.0 0.85561461119488
38.5 1.0293342484156338
39.0 1.5119892906972483
39.5 1.08184938630337
40.0 0.2155462668455267
40.5 1.0483893613669728
41.0 1.2123949948921242
41.5 0.6488518572180595
42.0 1.184911999168194
42.5 0.8314119089061289
43.0 1.560601283861963
43.5 1.5402930228659122
44.0 1.1055620102526635
44.5 0.9518028117306314
45.0 1.8224068597847563
45.5 0.6294938893943065
46.0 1.360334051044076
46.5 0.9856835972753146
47.0 0.5905480719738141
47.5 1.205174505446151
48.0 1.3827700663523523
48.5 1.6229219277094278
49.0 0.7740156006665241
49.5 1.0660742174916054
50.0 0.7216862032143107
50.5 1.3858451202349213
51.0 0.6253950404735136
51.5 1.7692524098493871
52.0 0.7547053077472194
52.5 0.8444290518017772
53.0 0.8900442252727223
53.5 0.7720196936268392
54.0 0.40817516271168064
54.5 1.4384212458802175
55.0 1.3127886875944816
55.5 0.2
56.0 0.9632394758246483
56.5 1.4367873084775076
57.0 1.415056018924755
57.5 0.8746886620634848
58.0 1.0833399350200457
58.5 0.7158590570607694
59.0 1.2473938720850999
59.5 1.0263262928097365
60.0 0.8955931441416659
60.5 0.578155965271085
61.0 0.636502344999183
61.5 0.913528327800376
62.0 1.0023496201130957
62.5 0.7870512856248969
63.0 0.6347479399417015
63.5 0.7878603729184483
64.0 1.1197342902884961
64.5 0.937837037429895
65.0 1.305354736154706
65.5 1.0635974875419025
66.0 0.9705089696063045
66.5 0.5602210656297133
67.0 0.6976990917092027
67.5 0.9248044043211197
68.0 1.5062351772503333
68.5 0.7281476466444543
69.0 1.33114681544326
69.5 1.6676037856282888
70.0 1.7148710768491324
70.5 0.7509123503803787
71.0 0.9596993991892505
71.5 0.6837632638608029
72.0 1.0011396523129041
72.5 1.4469558996098444
73.0 0.9281549524840216
73.5 0.5929817063473353
74.0 1.5207066098937827
74.5 0.9208703034148736
75.0 0.272832029874315
75.5 1.0156239533042304
76.0 1.427592310181351
76.5 1.0196805936394626
77.0 1.1320289994048496
77.5 0.6965709479643194
78.0 0.7751116367019498
78.5 0.9654431672836333
79.0 0.9087629893061566
79.5 1.1584242232205808
80.0 0.5274887644476078
80.5 1.5237353254736208
81.0 0.9471282649066151
81.5 1.0205030832697541
82.0 0.7328214161819793
82.5 0.7623446595448117
83.0 0.9096661322837433
83.5 0.7383804115822038
84.0 0.9460117760689899
84.5 1.6016562129661764
85.0 1.2382960990563585
85.5 1.2110844628337625
86.0 0.715922907715377
86.5 1.2826061420439645
87.0 1.0209267659166987
87.5 0.6655220238277986
88.0 0.9335395477993458
88.5 0.7850433796425627
89.0 0.7874198456463622
89.5 0.6541498064880005
90.0 0.6388239732816003
90.5 0.7200937682582764
91.0 0.743877285802454
91.5 0.7748127137284584
92.0 0.9101677995946454
92.5 1.5359993579369557
93.0 1.8802005091955794
93.5 0.7470146874696477
94.0 1.073346736820847
94.5 0.8858010391481099
95.0 1.7075858625832456
95.5 0.9183593890589018
96.0 0.958614651704518
96.5 1.5202502963038405
97.0 0.6835449277101786
97.5 0.5945689407758981
98.0 1.0387183067974584
98.5 0.7337886116446073
99.0 1.1603065831976431
99.5 0.5338453791870456
100.0 0.5099211401140529
100.5 0.7813996282468046
101.0 0.9260299809602202
101.5 0.8162594794847867
102.0 0.8988043315187539
102.5 1.7109217455332182
103.0 1.0713594408475595
103.5 1.0723763263700645
104.0 0.9141265143370016
104.5 0.74794138442027
105.0 1.6403931566541141
105.5 0.5139064649886931
106.0 0.9826775866755646
106.5 0.7868099259176125
107.0 0.8300264471630976
107.5 0.7092440727880496
108.0 0.938418557333144
108.5 1.2486643673908895
109.0 0.4364603123121108
109.5 0.9483050980107446
110.0 0.8358458617729013
110.5 1.952395925660681
111.0 1.1061542830037188
111.5 1.3813306307524624
112.0 0.9576299198660796
112.5 0.8629977235906312
113.0 1.2677530062878204
113.5 1.6137435701750278
114.0 1.5923814740645224
114.5 0.520173937345217
115.0 1.1765452431359757
115.5 1.3996584125544806
116.0 1.172688564788937
116.5 0.6981783749941227
117.0 0.6342626821824653
117.5 1.2469469177916808
118.0 0.9439689990627635
118.5 1.2919777952232165
119.0 0.6221779990856661
119.5 1.070748237081887
120.0 1.666755561046493
120.5 1.2106867816002387
121.0 1.3100445406046952
121.5 0.6906771508413314
122.0 0.8207509343384127
122.5 0.5212243147243067
123.0 0.418041964033409
123.5 1.2085021611009146
124.0 1.0657805548197476
124.5 0.9989145189871593
125.0 0.7393922995738387
125.5 1.2976314784334329
126.0 1.036614681483131
126.5 0.5194803797891259
127.0 1.1332353894866625
127.5 1.03985128302774
128.0 0.7456524907876207
128.5 0.8570603827669452
129.0 1.4326856805493033
129.5 1.347144904027785
130.0 1.3013725031428232
130.5 1.1587939174895125
131.0 0.8644047826472558
131.5 0.9977841087464743
132.0 0.8928233471082103
132.5 1.6826664278484675
133.0 0.990058680636448
133.5 1.1137733147957196
134.0 0.4648699990909841
134.5 1.2105356225093322
135.0 0.6367294630129308
135.5 0.35344366725111853
136.0 1.5552007137555357
136.5 0.966366473707535
137.0 0.5120382229161857
137.5 1.0194060642248484
138.0 0.5482836991814357
138.5 0.8504912865643268
139.0 1.2558530071012717
139.5 0.9656053468706998
140.0 0.5822299164845275
140.5 1.586291879199936
141.0 0.8138525708482321
141.5 1.445179579842443
142.0 1.3393375798413643
142.5 0.6098352895651916
143.0 0.749786889732545
143.5 0.5609955994012352
144.0 0.637055765157925
144.5 1.0700377434526542
145.0 0.6450263027236585
145.5 0.9887244153036283
146.0 0.630079712194394
146.5 0.7967708093437389
147.0 0.9114953301224211
147.5 0.5910340821807558
148.0 0.8792513603260838
148.5 1.2039440790367888
149.0 1.1685551248040777
149.5 1.3144291225992801
150.0 0.9180017515794583
150.5 1.7168686947500693
151.0 0.9907620631643177
151.5 0.8945855017087418
152.0 0.5994511811344403
152.5 1.1307295294307047
153.0 1.2062249729209622
153.5 0.9631519239087152
154.0 1.3051080097871137
154.5 0.8146250191004001
155.0 0.29565649353634504
155.5 1.643238592831834
156.0 0.697557104304732
156.5 0.8791237851688625
157.0 1.2253955951653244
157.5 1.8733381979763202
158.0 0.8804183418071966
158.5 1.0900131266109967
159.0 1.3689925303714592
159.5 1.1071780754395741
160.0 1.3814297549450583
160.5 1.6512812369244734
161.0 1.1054441701604367
161.5 0.7646395999430025
162.0 0.8332123912389147
162.5 1.2919185807730105
163.0 1.137077995924297
163.5 1.0989081775207263
164.0 0.9013305498503741
164.5 1.18616030571293
165.0 1.1715741151333914
165.5 0.6376087781372088
166.0 0.36101569736193473
166.5 0.8808389923702257
167.0 0.48485940327009597
167.5 0.6759989834666198
168.0 0.6942178956016488
168.5 1.3572357366397858
169.0 0.6309512035787257
169.5 0.5207771206347072
170.0 1.1798262317809938
170.5 0.8903341805992636
171.0 0.6760236981480509
171.5 0.927536007543574
172.0 0.9754179190282627
172.5 1.2977066260838566
173.0 0.791169039328165
173.5 0.7335259170034202
174.0 1.0745180273546986
174.5 1.0462331642445282
175.0 1.3896205767476224
175.5 1.1799079759777358
176.0 1.3024838619677812
176.5 0.9893398893618608
177.0 1.4436705770546365
177.5 1.309147075476646
178.0 1.817108865615499
178.5 0.45563446844109023
179.0 0.5520869629670285
179.5 0.7879276368695867
180.0 0.7978729741172108
180.5 0.5276991358046477
181.0 1.4353558922730822
181.5 0.9207492231554018
182.0 0.9812780668913728
182.5 1.327454585795743
183.0 0.6056118595513944
183.5 0.763033043550515
184.0 0.8562074759337996
184.5 1.1154840858114443
185.0 0.8319479117215022
185.5 0.9842993851227098
186.0 0.8262237934474977
186.5 1.8249171212573088
187.0 1.350616312497222
187.5 0.6585115257717642
188.0 1.3767172039979285
188.5 1.020969354901176
189.0 1.5653429303962456
189.5 0.9007708792182433
190.0 1.022605578719425
190.5 1.212755974809065
191.0 0.8079526207968456
191.5 1.2465653726462396
192.0 1.2531824655274244
192.5 0.8972468274881746
193.0 1.4208603453239563
193.5 0.9003114200538564
194.0 1.0011003788431219
194.5 1.3335952375801576
195.0 1.1712001107062289
195.5 0.6978907777084691
196.0 0.7223292260363903
196.5 0.6913694667171005
197.0 1.1722259631294007
197.5 0.8759421754188885
198.0 0.8115382630715755
198.5 1.3688263008647925
199.0 1.3428629245030033
199.5 1.5404477123463174
200.0 0.6879416800124494
200.5 0.8730907011318596
201.0 0.5785228798416471
201.5 0.5981092388321189
202.0 1.2561325648960038
202.5 0.9382168360781442
203.0 0.9704880006640245
203.5 1.2317592315981614
204.0 0.975488006916583
204.5 1.0557868582769654
205.0 0.879287904220311
205.5 0.6226592600029185
206.0 1.1268327843992996
206.5 0.6656050493530246
207.0 0.9065392586625121
207.5 1.2722256682326567
208.0 1.486719167959269
208.5 0.8095184096520758
209.0 0.6692214758293153
209.5 0.7146540397279642
210.0 0.47446582650148256
210.5 1.0999835931783701
211.0 1.1425770185441437
211.5 1.2502575491693988
212.0 0.7000738352137461
212.5 0.382304199830205
213.0 1.1140189568992738
213.5 1.4984616172711462
214.0 1.6897452520055831
214.5 1.1648395357808128
215.0 0.9805934931297483
215.5 1.5787273121771674
216.0 1.2504969910156971
216.5 1.3427513772098916
217.0 1.0999890260598535
217.5 1.3810240755523533
218.0 0.3745807681275907
218.5 0.656750944138239
219.0 1.8642454106759443
219.5 0.9138271204977438
220.0 1.1308429091896146
220.5 0.734236346235335
221.0 0.6036977761571807
221.5 1.2264397059463183
222.0 1.2736940058883874
222.5 1.0864490734338672
223.0 1.4381838698778346
223.5 1.4659848345863027
224.0 0.6907842380958737
224.5 1.0712482109554147
225.0 1.389810431216714
225.5 0.48035706826853053
226.0 0.7345455438086057
226.5 1.3765886129584648
227.0 1.0880653370328144
227.5 0.8219277463099531
228.0 0.7695932022911347
228.5 0.8326816201081448
229.0 1.4972975065379357
229.5 0.8657661921341773
230.0 0.6551248580197984
230.5 0.32927251190247564
231.0 1.5149795464459572
231.5 0.9473144901661736
232.0 1.8731895238317091
232.5 1.19943484911862
233.0 0.6815322173539327
233.5 1.4766210432011841
234.0 0.8720441786578472
234.5 0.3190427034531826
235.0 0.9527443562142619
235.5 1.2386136392498788
236.0 0.6006591712547333
236.5 1.529604241395944
237.0 1.5375725592588019
237.5 0.7695704432675228
238.0 0.9757987969560376
238.5 1.078222507983643
239.0 1.2305342971753315
239.5 1.101494744367357
240.0 0.9004568619571135
240.5 1.3571617758940628
241.0 1.1579882100574421
241.5 1.1443948949067129
242.0 0.9212416948755099
242.5 0.8483564905747416
243.0 1.481123386141745
243.5 0.5118047406503079
244.0 0.9156914283955253
244.5 1.0944919647072684
245.0 1.2705244434428369
245.5 1.1158112810610574
246.0 0.5184490230750909
246.5 0.6885953640045666
247.0 1.5723397792307714
247.5 0.2
248.0 1.0411987876975664
248.5 0.5054636580508239
249.0 0.8978426591433428
249.5 0.9261157712248691
250.0 1.065396501192749
250.5 1.2611721345800238
251.0 1.2273844296827916
251.5 1.4856901242864713
252.0 1.5546922093101605
252.5 0.7169019936539102
253.0 0.8418048411483182
253.5 1.1826277655180215
254.0 0.8400408480711603
254.5 0.9322593208391604
255.0 0.7306999317092593
255.5 0.6012113500677404
256.0 0.8460707315406448
256.5 1.1406171213687872
257.0 0.915349376814476
257.5 0.605466544616896
258.0 1.629423867969206
258.5 1.1513956188790377
259.0 0.7531245922165035
259.5 0.9944688351310628
260.0 0.8088660031750041
260.5 1.5149615682707531
261.0 0.7054968482869692
261.5 0.8750552665688672
262.0 1.2213786150708992
262.5 0.4551753751316794
263.0 0.9651671829578437
263.5 0.6933782393076838
264.0 0.9910501898208772
264.5 1.2658886160197667
265.0 0.8244409369950387
265.5 0.8611184448730621
266.0 1.2646839276770538
266.5 0.8071645729761806
267.0 1.4481621836890306
267.5 2.048916137804416
268.0 1.564454328525085
268.5 1.3953609321662404
269.0 1.023983513444192
269.5 1.0023847758018158
270.0 1.2653508547496881
270.5 1.082715947405434
271.0 1.8168967316370384
271.5 1.1416092706607546
272.0 0.9922692100746382
272.5 0.9856375162936714
273.0 0.6063607058416777
273.5 0.6089456877238442
274.0 0.7648496230849964
274.5 1.079471090176439
275.0 0.5899536611168008
275.5 1.1615744891313105
276.0 0.7625722989859325
276.5 0.49658832491558746
277.0 1.0716472921029503
277.5 1.293493287017249
278.0 0.5301708650716539
278.5 0.8674319539391455
279.0 1.3236813396894584
279.5 1.1575097458970849
280.0 0.5489006394693157
280.5 0.8349149437889721
281.0 1.6147554849410648
281.5 0.9934662114894385
282.0 0.7043642187742825
282.5 0.8526760651207221
283.0 0.8827301438600935
283.5 0.9696575560311879
284.0 1.3499012996051962
284.5 0.6741478680642208
285.0 1.0625148685265786
285.5 0.8854336517076393
286.0 0.4506648889966296
286.5 1.6169977972367904
287.0 0.8658119007820229
287.5 0.7461616395310854
288.0 0.7513050173644891
288.5 1.607970867449502
289.0 0.8910522461727179
289.5 1.0889504491361781
290.0 0.7166578284639007
290.5 0.801547153770582
291.0 0.56676381051103
291.5 1.7299717482660384
292.0 1.0552684484910615
292.5 0.9560149457446495
293.0 1.6374435412506987
293.5 0.6721715069221461
294.0 0.9707534308663879
294.5 0.9355323267406161
295.0 0.5840465517801389
295.5 1.5464771000071738
296.0 0.746929051783972
296.5 1.0619500138042037
297.0 0.8476543825669429
297.5 0.9164209618646474
298.0 1.5254927356310723
298.5 1.2426576762504733
299.0 0.5703048002567908
299.5 0.7166924819251529
300.0 1.520993886560928
300.5 0.7693365787155712
301.0 0.8571914997786755
301.5 1.2332402809144285
302.0 0.8470808509844212
302.5 0.6035751835329229
303.0 0.6989499306949497
303.5 0.793700355232891
304.0 1.2075368725723123
304.5 1.763954804356327
305.0 0.8835882296326009
305.5 0.8913251125006573
306.0 0.7280628789104004
306.5 1.5056779157494744
307.0 0.7941216295794926
307.5 0.6674995122008419
308.0 1.1640135142190828
308.5 0.5092540080423276
309.0 1.0050609599908595
309.5 0.9836835085214416
310.0 1.5091232509478338
310.5 1.1578304555582526
311.0 0.6123305172881435
311.5 1.087829954307557
312.0 0.6325028097181474
312.5 1.0062260314880471
313.0 1.051782926917264
313.5 0.8862284035234516
314.0 0.49277581895923805
314.5 0.317058785864316
315.0 1.1158599969611163
315.5 1.1005429989003708
316.0 2.2923317145259494
316.5 1.697868834214002
317.0 1.306198057467316
317.5 1.2029213483735035
318.0 0.8917292216437516
318.5 0.8673145973837344
319.0 1.1780514211017077
319.5 0.7356942406547341
320.0 0.8002348949207201
320.5 0.7874770105670559
321.0 0.49084300533695163
321.5 1.270369537001581
322.0 1.4759489791916347
322.5 1.1095009825895668
323.0 0.7639824763218421
323.5 0.7242724093057484
324.0 1.0739751471307801
324.5 1.5348193652971016
325.0 0.9785876121548014
325.5 1.463196842528792
326.0 0.5675983532495187
326.5 1.2613347061296163
327.0 0.5586972664466753
327.5 0.5576503146574956
328.0 0.7431124343520756
328.5 0.8221877085098891
329.0 0.576724343891363
329.5 0.7903866498915342
330.0 1.0291257840974195
330.5 0.5582058887616346
331.0 0.9087750509652317
331.5 0.9120666554585339
332.0 0.9813944052345526
332.5 0.7972759879705136
333.0 1.4790194694154293
333.5 1.2378303842712164
334.0 1.274485141199377
334.5 0.7989702074046487
335.0 0.2
335.5 0.9906108169797905
336.0 1.9920811421807203
336.5 1.5958357258813551
337.0 1.1227751265868857
337.5 1.1483366806138027
338.0 0.9607741561351894
338.5 1.0578421496092314
339.0 1.4642164979520342
339.5 0.8693784397435049
340.0 1.2805979997764458
340.5 1.6170183618550196
341.0 0.9497708385634798
341.5 1.5341572642856807
342.0 0.7687086291649297
342.5 1.101192411203463
343.0 0.7674029906686001
343.5 1.130933517806708
344.0 0.7246347176020291
344.5 1.7886138358219852
345.0 1.147086657578011
345.5 1.0744371440636575
346.0 1.6723402873942255
346.5 0.9392207554806222
347.0 1.2430250147258914
347.5 0.8318817321097234
348.0 0.893431985514128
348.5 0.6375220018815827
349.0 1.1647441970381793
349.5 1.6192834159320735
350.0 0.46549290288188405
350.5 1.316550876605346
351.0 1.1435266219281228
351.5 0.8712575292415403
352.0 1.2103941791252633
352.5 0.7660408623269337
353.0 0.6665790004338735
353.5 0.74884483920831
354.0 1.1125930720755326
354.5 0.7062614105797964
355.0 1.2130166591371938
355.5 1.015706270508944
356.0 1.3856979282506656
356.5 1.555713719363614
357.0 0.8332782738750766
357.5 0.8712386382557972
358.0 0.6775940592594674
358.5 1.2523330793946705
359.0 1.366647279936057
359.5 1.275883902013707
360.0 1.5538107621796255
360.5 0.684634781374222
361.0 0.7614293368500438
361.5 0.7257722284755093
362.0 0.7341198386941057
362.5 0.983355971634924
363.0 0.5805413772301626
363.5 1.292839059737497
364.0 0.8051455126329533
364.5 0.8346266070336692
365.0 1.644236322964117
365.5 0.7870232962345016
366.0 0.9667933343194253
366.5 0.8912507997117091
367.0 0.6643088917362684
367.5 0.4550533548549972
368.0 1.0121365614478863
368.5 0.6533619338014715
369.0 0.8711342873379551
369.5 0.9518319719853543
370.0 0.6087880660186359
370.5 0.9686449705361289
371.0 1.4230122363097906
371.5 2.18897543980656
372.0 0.9577754311981246
372.5 1.1304275306049596
373.0 0.5389821536040524
373.5 1.1984499645654239
374.0 1.3974734611932609
374.5 1.1092134363328308
375.0 0.7947341702419044
375.5 0.7759547448288449
376.0 0.9000562702039844
376.5 0.8493869934783824
377.0 1.1316786245674195
377.5 1.3283319399212408
378.0 0.6480794785549456
378.5 0.7019498897064478
379.0 1.543135183643877
379.5 1.2131409491091532
380.0 0.8262063580620677
380.5 1.6921682391603574
381.0 0.9886370147058889
381.5 2.120111021643874
382.0 0.6849368934601447
382.5 1.4168661380485252
383.0 1.131958839483831
383.5 1.4670953073183246
384.0 1.2488268724809393
384.5 0.835774009820704
385.0 1.209905117440521
385.5 1.23137697417758
386.0 1.3202498136717822
386.5 1.023957875803283
387.0 0.9634181688238873
387.5 1.7638629675749717
388.0 1.463984671464491
388.5 0.61666269251465
389.0 1.0887867303910381
389.5 0.790456636814237
390.0 1.319929706761099
390.5 1.0592695288837275
391.0 0.7587824195512982
391.5 0.8201384969857572
392.0 0.8662737948227944
392.5 0.5166817968574318
393.0 0.7439958712767787
393.5 0.9189097451799747
394.0 0.8026142609203986
394.5 0.9325365289549724
395.0 0.42207730419517187
395.5 1.0623177674316384
396.0 0.824302835233842
396.5 1.7974616169758755
397.0 0.9040850800251055
397.5 0.6612468055627578
398.0 0.6201825704088877
398.5 0.669068072616547
399.0 1.023490301023584
399.5 0.7153651541576578
400.0 0.7085931082278806
400.5 0.7146317805359637
401.0 0.6700529813920794
401.5 0.6564746066450917
402.0 0.80138190772379
402.5 1.622956919391866
403.0 0.788245380590089
403.5 0.7744851060421051
404.0 0.9674186143820228
404.5 1.199836263959733
405.0 1.097462395450811
405.5 1.2415240092156719
406.0 2.5476525896961246
406.5 0.9698575731452416
407.0 0.23264596949333183
407.5 0.622518643478716
408.0 1.2683303075568717
408.5 0.6675049921029726
409.0 0.8381835940364357
409.5 0.8669845621604074
410.0 0.929554643657232
410.5 1.7863976470641187
411.0 0.9161395130772052
411.5 0.8249118661566927
412.0 0.7788026872163765
412.5 0.5473454938590254
413.0 0.9431817626493721
413.5 1.121563730455962
414.0 1.2328894963813337
414.5 0.8749283825041102
415.0 0.6875922309725597
415.5 0.7781580047197267
416.0 0.6068144237191238
416.5 1.7268342238490124
417.0 1.2029286344134165
417.5 0.9476579828128198
418.0 0.7638018151486525
418.5 0.8386290492893429
419.0 1.3695004015580157
419.5 1.2829221418041752
420.0 0.8788168331896087
420.5 0.605602292106778
421.0 0.8409941724234993
421.5 0.7281752007389726
422.0 1.1881877504087544
422.5 0.3667099197527097
423.0 0.8734025325735508
423.5 1.1668425539021041
424.0 0.6234175763967346
424.5 0.5959229837550868
425.0 1.0210292615854941
425.5 0.8506639907371805
426.0 0.6894922489872841
426.5 1.1368775042799155
427.0 1.0566705883825236
427.5 1.1159348141546144
428.0 0.9964194849791965
428.5 0.6379867768762151
429.0 0.6436334048802769
429.5 0.7436652747998341
430.0 1.2747956531031706
430.5 0.9470761054801117
431.0 1.784919978565827
431.5 1.1498756319758912
432.0 1.8764954674427479
432.5 0.7986270911872928
433.0 1.2212143295341638
433.5 0.7363861738083923
434.0 0.7543835077310475
434.5 0.7931034501214274
435.0 1.2395794495121746
435.5 0.2451818923001382
436.0 0.7271431512951736
436.5 0.7378748910131767
437.0 0.7098062638977269
437.5 1.0686511784282509
438.0 0.832561467620744
438.5 0.5652652570571485
439.0 1.38326860590782
439.5 1.032160199952815
440.0 0.8000070333895263
440.5 0.6538090804144517
441.0 0.7204413643316334
441.5 0.8531480846833528
442.0 0.8957899849217339
442.5 1.2520689005415069
443.0 1.1783451027894685
443.5 0.6751476183234422
444.0 0.9761593892174238
444.5 1.1137639583235572
445.0 1.8632917411758187
445.5 0.9708897531515766
446.0 0.7718123215327003
446.5 0.5662440522473662
447.0 0.8113373327062279
447.5 1.5181225015429232
448.0 1.4308688616481413
448.5 1.0625355034942539
449.0 1.200250235171111
449.5 1.1607668329520906
450.0 1.892870240848529
450.5 1.384124190969588
451.0 1.278082888776066
451.5 0.8288003260809298
452.0 1.9801838402019896
452.5 0.7001436763062813
453.0 1.7800571884781462
453.5 0.7130081745111178
454.0 0.9148882381158578
454.5 1.373061560963896
455.0 0.7624383213332057
455.5 1.210075777711679
456.0 0.9613691392182273
456.5 0.8855241722646479
457.0 1.247409337543341
457.5 0.8731505872333614
458.0 1.4123101467422643
458.5 0.8946445481945442
459.0 0.9366376478305967
459.5 0.8947307335330112
460.0 1.0490276859005072
460.5 0.7604762701314542
461.0 0.5606820220978128
461.5 1.7551489851546376
462.0 1.298922320895505
462.5 0.8552674698957335
463.0 0.9532284559867238
463.5 0.764167638687684
464.0 1.3991734836624978
464.5 0.7234051695422848
465.0 0.7188366669589501
465.5 1.324367111937745
466.0 0.9803606597245257
466.5 1.001975859085205
467.0 1.7061974510806381
467.5 0.8908732152619986
468.0 0.9509667830294698
468.5 0.6676188316070183
469.0 1.0087501614646728
469.5 1.4636108630009876
470.0 0.9523565783815142
470.5 0.6902178546704174
471.0 0.7577225695054266
471.5 1.1837502521511538
472.0 0.8896784874716593
472.5 1.1477944014333077
473.0 0.7892614195270209
473.5 0.6052888128994252
474.0 0.8385584644671122
474.5 0.6726838219556663
475.0 0.9410826740111194
475.5 0.8332524979704614
476.0 1.7015857538759938
476.5 0.736107428371571
477.0 1.002680145162747
477.5 1.0834619967937038
478.0 0.8478465613053043
478.5 1.5797969147221864
479.0 0.8869637981767464
479.5 1.1131563840251446
480.0 1.5690495559176556
480.5 0.7314295804106639
481.0 0.37558978493138995
481.5 0.3368878874543405
482.0 0.6950354882793714
482.5 1.7321005285817934
483.0 0.9150711903217776
483.5 0.7980321703570887
484.0 1.244104534324594
484.5 0.70896912288317
485.0 1.621565812484579
485.5 0.7106917233805838
486.0 0.8736172341264805
486.5 0.8691227984780687
487.0 1.227897876066229
487.5 1.476261115676473
488.0 0.9761541339094217
488.5 0.7893532718865688
489.0 0.9056072666104553
489.5 0.9032610782999911
490.0 0.6197055267055963
490.5 1.0449108694881206
491.0 1.3150471433713158
491.5 0.5800241676659982
492.0 0.6748994285276169
492.5 0.9256504928645051
493.0 1.0083618416940072
493.5 0.4858284662386469
494.0 1.0391062627654337
494.5 0.38590323089249523
495.0 0.8137833495227982
495.5 1.216082413245593
496.0 1.5862856348559913
496.5 0.5995697118239417
497.0 0.8304057558752602
497.5 0.4433172189834027
498.0 1.283619394595716
498.5 0.6201731815633651
499.0 0.7337429799815869
499.5 0.5406873780497361
500.0 1.4739849916659251
500.5 0.8063692079355905
501.0 0.3149615756308526
501.5 0.7225888004693897
502.0 0.7976216150552757
502.5 1.1376184670221807
503.0 0.5611064461876178
503.5 1.101391077931226
504.0 0.5197261899892973
504.5 1.5399502519681378
505.0 1.0780130836602193
505.5 1.9223178779943426
506.0 1.3298729419795396
506.5 0.934611444460679
507.0 0.8975785855102385
507.5 0.6753608717656892
508.0 1.3029395394345866
508.5 0.9789685844987208
509.0 0.6385829541128822
509.5 0.6773435623695924
510.0 0.713195525939905
510.5 0.7774489849915505
511.0 0.6991523474510924
511.5 1.3042154501152594
512.0 0.8295825969464387
512.5 1.2831358094449354
513.0 0.9082097648029345
513.5 0.7062097313156677
514.0 1.279852410642049
514.5 0.9891556646028097
515.0 1.1281440085849788
515.5 1.4901979034543555
516.0 1.7958192057695532
516.5 0.612234446112502
517.0 1.2571971665401622
517.5 0.7126749929849414
518.0 0.9235098715976784
518.5 0.7199649663304072
519.0 0.9507913189703205
519.5 0.7599382815113889
520.0 0.8238549087887252
520.5 0.795156576871413
521.0 0.9751411052094989
521.5 0.5090709954864275
522.0 1.4403116731147665
522.5 1.3214121872594808
523.0 1.297034225376228
523.5 1.4244020134319921
524.0 1.1425734124907478
524.5 0.8198083261657568
525.0 0.9908080959005772
525.5 1.2985944649968415
526.0 0.8664562276038427
526.5 0.7606171417573417
527.0 0.7977135807429259
527.5 1.0611278859241082
528.0 0.8181087905585073
528.5 0.9908727080214984
529.0 1.3138830965086412
529.5 1.107764941033413
530.0 1.3946739864231588
530.5 0.7619526636997824
531.0 0.6080886163579526
531.5 0.3328587448982935
532.0 0.9051604255215386
532.5 1.7420569378202946
533.0 1.3624146446547392
533.5 0.570368873781457
534.0 1.3193252990082376
534.5 0.8601985970028131
535.0 1.275060420703742
535.5 1.0829547512902646
536.0 1.161449495313704
536.5 0.8685144645215238
537.0 0.5455552003629445
537.5 0.8083884705470972
538.0 0.8695621953925194
538.5 0.8782115859976802
539.0 1.9189481625066152
539.5 1.5080685382181591
540.0 1.88868736317702
540.5 0.5453276623765106
541.0 0.9075035467154364
541.5 1.1486946242701026
542.0 0.8799671213427486
542.5 1.113262893890751
543.0 0.9027425258557583
543.5 0.6806987598955945
544.0 1.3325182109540696
544.5 0.6129531655288698
545.0 0.5557863151289804
545.5 0.8999785217388656
546.0 0.6436023770333447
546.5 0.9366870807951422
547.0 1.1269218602537254
547.5 1.6190908390250285
548.0 0.4243939387644096
548.5 0.841871734551691
549.0 0.9864783492725644
549.5 0.6308533982860857
550.0 1.3003729298471622
550.5 1.0154479698195435
551.0 0.7720792377011509
551.5 1.374514339136538
552.0 0.681690439422126
552.5 0.8283690529842135
553.0 1.2761645495073757
553.5 0.4797139136622425
554.0 0.7160083002164358
554.5 0.7518082936624331
555.0 0.6019528361978569
555.5 0.8301366303685745
556.0 0.677703378491084
556.5 1.207493166900763
557.0 0.8084115273541537
557.5 0.2760999154506252
558.0 0.9467604452519178
558.5 0.7441214409573642
559.0 0.2
559.5 1.4697949232519316
560.0 0.8492180388111054
560.5 0.908579183497949
561.0 0.9705544813702771
561.5 0.9822595652018167
562.0 0.8551328729156646
562.5 0.7497408658048639
563.0 0.8874593829902907
563.5 0.7939527068202696
564.0 0.618055711878786
564.5 0.5277242584092566
565.0 1.1102275283006406
565.5 1.5055279594691653
566.0 0.6720305039559168
566.5 0.5174000545742041
567.0 0.9298877219784583
567.5 1.2780439188063357
568.0 1.0053580658273311
568.5 1.1646406091127939
569.0 1.271595838348115
569.5 2.2189668763458172
570.0 0.9482552550630594
570.5 0.4590986229383939
571.0 0.8519425962293822
571.5 1.31369050561629
572.0 0.7998010049486459
572.5 1.224244405403355
573.0 0.8804849335866752
573.5 0.874152624506654
574.0 0.6229142953377097
574.5 0.8735946810717152
575.0 0.9281383307468812
575.5 0.4990828529351768
576.0 1.1401207867661962
576.5 1.3507703435656206
577.0 1.2081531285139029
577.5 0.732093636840461
578.0 1.180774133883082
578.5 0.9575946868053118
579.0 0.9968647585932601
579.5 2.127989422821605
580.0 1.8045972950785312
580.5 0.997706137264324
581.0 0.7597939960573605
581.5 0.7958525111784888
582.0 1.5286371729025021
582.5 1.369201834897563
583.0 0.875563758539139
583.5 0.6292409103722232
584.0 0.855547618479708
584.5 1.5080874279467054
585.0 1.1285313564099968
585.5 0.2522815174346795
586.0 1.1466583621449764
586.5 0.60040448844988
587.0 0.9301548240279032
587.5 1.5174213399980823
588.0 0.5604211781217621
588.5 0.5969557739755962
589.0 1.0680965190929421
589.5 1.0122633818078852
590.0 1.052770829949063
590.5 0.6810185135048502
591.0 0.8576542214366006
591.5 0.7484191902604673
592.0 0.6531091848178857
592.5 0.7040080579777139
593.0 1.299377980085883
593.5 0.4308330814974658
594.0 1.6239147308490103
594.5 0.7762484348622704
595.0 1.299780798591671
595.5 0.6080211537325153
596.0 0.9090509344575395
596.5 1.458397869746467
597.0 0.7268871414921514
597.5 0.5631413614731194
598.0 0.6565987387535047
598.5 0.9825915027637521
599.0 1.0914139973327992
599.5 0.9060252848425874
600.0 0.9542371910308277
600.5 0.6257625103578395
601.0 1.0557065525824458
601.5 0.40836649372082545
602.0 1.6629674483418193
602.5 0.8396039403957642
603.0 1.1671747538704247
603.5 1.4704325431588412
604.0 0.7825818197678553
604.5 0.8168589348848555
605.0 0.650659360954388
605.5 0.8355125717509428
606.0 1.5282469975990902
606.5 0.841380252702873
607.0 1.1932978964290255
607.5 1.7919604820891464
608.0 0.8144656486605109
608.5 1.6734652534523367
609.0 1.5049690469766979
609.5 0.6001528963480142
610.0 1.2083867439327505
610.5 1.2528239174123734
611.0 1.0017398747956254
611.5 0.9131816285753913
612.0 0.5311565569916366
612.5 1.0352415878093206
613.0 1.657098600812263
613.5 0.9707014116241107
614.0 1.018544814138035
614.5 2.2524610481655434
615.0 0.5906771298337989
615.5 0.6834949567285266
616.0 0.5698824462535614
616.5 1.017379909794667
617.0 1.0250285159666646
617.5 1.218504620522351
618.0 1.0291417974662709
618.5 0.7084078554374924
619.0 1.2111216075829672
619.5 1.1318046527012955
620.0 1.1682619774402658
620.5 1.7201868127652715
621.0 0.6929773520233766
621.5 0.559479797571492
622.0 1.0354753267749244
622.5 0.5947998644027866
623.0 1.2451112623412488
623.5 1.7340682359536626
624.0 1.3493818084814895
624.5 1.3010360590863543
625.0 0.6172468217192815
625.5 1.7340150480724827
626.0 0.7481143237754095
626.5 1.1509648152049041
627.0 1.1231914251664525
627.5 1.4993227956068846
628.0 0.4883801296037833
628.5 1.530587701858244
629.0 1.326370716548793
629.5 1.1288178239145585
630.0 0.5190054510303451
630.5 1.1029963689333786
631.0 0.8775425590942347
631.5 0.46307630388333065
632.0 1.385011935194954
632.5 0.6212578225645972
633.0 0.9694734009884899
633.5 0.9645145086458086
634.0 0.9457435779176702
634.5 1.5203047438140338
635.0 0.9413334238679575
635.5 0.9982155979899476
636.0 0.7465501328481177
636.5 1.351414699061847
637.0 0.8094103712754215
637.5 1.8367856448897775
638.0 0.9881831424889379
638.5 1.7765738926784014
639.0 0.5223195553512985
639.5 1.042099855103112
640.0 1.2201644905415043
640.5 0.7974187124104023
641.0 1.3037628143529338
641.5 0.2276209680058462
642.0 1.143498977774419
642.5 0.615287476575868
643.0 0.9274131069791003
643.5 0.8469800036712287
644.0 1.0961218070228391
644.5 0.7030740274284185
645.0 0.6848128784194967
645.5 0.8864909123119658
646.0 0.24158529114897143
646.5 0.3937004280545984
647.0 0.8424427213478514
647.5 0.843866900974272
648.0 0.7974779193997065
648.5 0.6471312619127363
649.0 1.2036465362711324
649.5 0.2834371410033203
650.0 1.286772744289686
650.5 1.1832809396332957
651.0 0.4318085448952672
651.5 1.3001834434827344
652.0 0.6432778019482246
652.5 1.1061621133463473
653.0 0.8406603776379971
653.5 0.7760266323175748
654.0 1.055221239759497
654.5 0.9224883216593425
655.0 1.0005708988184416
655.5 1.3507479952557513
656.0 0.709491790072186
656.5 0.8662322676181902
657.0 1.0778099975475517
657.5 0.9766236209906572
658.0 1.0533593073175593
658.5 1.0911800474014923
659.0 1.0236382910815671
659.5 1.052983381505205
660.0 1.4603089064852894
660.5 1.0945521753004401
661.0 1.6200803624399533
661.5 0.7312459496832138
662.0 1.6682189252324986
662.5 1.572336792283206
663.0 0.5374181982711645
663.5 0.6866403479785315
664.0 1.2321721861056818
664.5 1.0807060576501577
665.0 1.1901409933887641
665.5 1.0297229931226168
666.0 0.514638633096872
666.5 0.9088528677078236
667.0 1.1186871646270484
667.5 1.5173350390996014
668.0 1.0321238594331947
668.5 0.8266558527198676
669.0 1.2115914475627254
669.5 0.9479070699732379
670.0 0.7204324107548963
670.5 0.8217030952064139
671.0 0.8288809523131178
671.5 1.0484255461137053
672.0 0.5109543167449162
672.5 1.3386922513504953
673.0 0.9547242952737446
673.5 1.2089765952953282
674.0 0.845240809011565
674.5 0.5784228637587572
675.0 0.5895213858682085
675.5 0.9801755535781562
676.0 0.8285204579525453
676.5 0.7782289814349682
677.0 1.4639324571999137
677.5 0.925130061049543
678.0 0.3174389172026201
678.5 1.7019241161519076
679.0 1.266561477616397
679.5 0.4543332475637369
680.0 0.7343876235004302
680.5 1.11671973274575
681.0 1.3412547881374581
681.5 1.492830984038628
682.0 0.5192471011220805
682.5 1.5107730317349066
683.0 0.5202083238667707
683.5 0.6269109412060756
684.0 0.9929649863989675
684.5 1.409185590285051
685.0 0.9449857371451653
685.5 0.9455811716635601
686.0 0.658704809381635
686.5 1.314288008241865
687.0 1.1585872178837011
687.5 0.7931030687926625
688.0 0.6977875752755783
688.5 0.6679462721146419
689.0 2.280822346248158
689.5 0.8018734241390808
690.0 1.0663589707613697
690.5 0.8267207912248087
691.0 1.0955065887145619
691.5 1.4842560479650984
692.0 0.7735690879574282
692.5 1.2664248347920037
693.0 1.2586963664508146
693.5 0.5739022415575505
694.0 1.1664617970405624
694.5 0.9755294765116367
695.0 0.20982951469870403
695.5 0.789339634232407
696.0 1.6677779019143841
696.5 0.3608637875103705
697.0 1.0758344346232886
697.5 0.7821640632240097
698.0 0.8272168085690695
698.5 0.9619826859532649
699.0 0.5152910349909542
699.5 1.250382872072489
700.0 0.9628733919995109
700.5 0.6209671576065027
701.0 1.0120696015868924
701.5 0.7606440891536783
702.0 1.1163444287124937
702.5 1.0628462546681656
703.0 1.1704215310281008
703.5 0.8950557789920025
704.0 1.493283169450332
704.5 1.4100056225012099
705.0 0.6937905444732437
705.5 1.4507892972550152
706.0 1.001389749989838
706.5 0.6938078647279793
707.0 1.260580008438102
707.5 1.4666479200968952
708.0 1.241701088778854
708.5 1.1262458549591177
709.0 1.2261465419751965
709.5 0.8392655781288553
710.0 0.7677990410261231
710.5 1.0246148719227395
711.0 0.750746245115731
711.5 0.9788768474703969
712.0 0.5927659086124474
712.5 1.0741970397020402
713.0 1.201396438621643
713.5 0.7665296236997676
714.0 0.6924818626396373
714.5 1.051571961827296
715.0 1.357925950752786
715.5 1.0095483645339325
716.0 0.6796791533738601
716.5 0.29399431738085013
717.0 0.9995261794361028
717.5 0.9799409672587178
718.0 1.4813679435873124
718.5 1.1498064916456618
719.0 0.7332811390426486
719.5 0.9270122179317826
720.0 0.979166198991224
720.5 0.5827366425397611
721.0 0.6902347735774177
721.5 0.7699895955682083
722.0 1.1331424682180404
722.5 0.8386875637027532
723.0 0.6850873897880442
723.5 0.9109819980704963
724.0 0.7359756795808434
724.5 0.38495579946680253
725.0 1.0505336252554272
725.5 0.6766387912404375
726.0 1.0426103305414496
726.5 1.1718588259369405
727.0 0.7640399563561102
727.5 0.4519936905711472
728.0 0.5287266953958549
728.5 0.9196986186826768
729.0 0.9971201576076163
729.5 0.7929255790069232
730.0 0.6804569227186474
730.5 0.8348234006994334
731.0 1.0279533152708402
731.5 0.7150087392623505
732.0 1.1834381893355683
732.5 0.6871963834037655
733.0 1.037361547411228
733.5 0.2
734.0 0.8763622889454437
734.5 1.3257621399179993
735.0 1.2631886349035564
735.5 1.4574167948597725
736.0 1.4141640027777036
736.5 1.1958833308005086
737.0 1.2893776745414427
737.5 0.5719656997586893
738.0 1.0771198146877938
738.5 1.0932456156976613
739.0 0.6225416557462305
739.5 0.8498439132596952
740.0 0.6876919224844793
740.5 1.2098349155963297
741.0 0.5607944699765354
741.5 1.6461134917234683
742.0 0.41562825170983864
742.5 0.8097041404158462
743.0 0.9739323093622635
743.5 1.0996287547102832
744.0 1.5636952948471332
744.5 1.0067786234009017
745.0 0.2107271219286636
745.5 0.7758979519600251
746.0 0.8844499884768138
746.5 0.9706635061675161
747.0 0.8810789298060261
747.5 1.0649838159724059
748.0 0.7514375981408516
748.5 1.689175801105732
749.0 1.3274332732365988
749.5 1.3300173905437784
750.0 1.2316951638944174
750.5 1.0273813804033611
751.0 0.8354488899612977
751.5 0.4783490776390221
752.0 1.3438221952598925
752.5 0.5313982643382109
753.0 1.3710991930689143
753.5 1.2149007261654678
754.0 1.4984564313356492
754.5 0.23029992989830395
755.0 1.4792256586226358
755.5 0.7727710466441421
756.0 1.124077695677392
756.5 1.2335115248812942
757.0 1.2229171307616329
757.5 0.5624273977869917
758.0 1.2785925776475118
758.5 1.066760663340173
759.0 1.5903886152132167
759.5 1.355071031676013
760.0 0.7496199748417999
760.5 0.7610428175791147
761.0 0.5738042868735334
761.5 1.0310732860102445
762.0 0.5917297538378248
762.5 0.9344545371229267
763.0 0.4835544964295575
763.5 1.733677490040039
764.0 0.6821166366629503
764.5 0.7731763548285613
765.0 1.4039567506858925
765.5 0.9309226216721611
766.0 0.6876663602088706
766.5 0.7160128599294671
767.0 0.9039291654135055
767.5 1.2705667749317997
768.0 1.204938558059741
768.5 0.6765732562829416
769.0 1.0877639914753574
769.5 0.4247662855997706
770.0 0.9557570219448485
770.5 0.5870739094337667
771.0 0.5592966264799916
771.5 0.5415043223922975
772.0 1.6080828325396777
772.5 1.227724682045169
773.0 0.8089296435220316
773.5 0.7853728031087859
774.0 0.7366243503336237
774.5 0.8285357805309743
775.0 1.9579342700003934
775.5 1.1421197417975986
776.0 1.325613050803856
776.5 1.5479002859321953
777.0 0.6730128442939485
777.5 1.205850847161365
778.0 1.1363024092203324
778.5 1.1288084422577067
779.0 0.8150878429773762
779.5 0.5721835793950444
780.0 1.244541212280334
780.5 0.7598822783228075
781.0 1.4056334174997738
781.5 1.1969523988862225
782.0 0.7984064285347925
782.5 0.9961669021245239
783.0 0.9758321268301534
783.5 0.8766751824978263
784.0 1.1213833336048076
784.5 0.6913004488820473
785.0 1.0850741231505994
785.5 1.455697789973799
786.0 0.6322701420192737
786.5 1.6248020179803309
787.0 0.8416424481579303
787.5 1.0342743955122078
788.0 0.6570854729653528
788.5 0.5096896282455462
789.0 0.9165486575202525
789.5 1.9874788481247125
790.0 0.7652962133626343
790.5 1.9686091290924366
791.0 1.8427561959240144
791.5 1.312459765819785
792.0 0.8610120235034269
792.5 1.27782836404785
793.0 1.124279591040854
793.5 1.2928214385378676
794.0 1.2638448687536663
794.5 1.3605656203661727
795.0 2.177277679294667
795.5 0.7330664688965541
796.0 0.7665597853002746
796.5 0.7516729537192326
797.0 0.6610340531305324
797.5 0.6827830646360231
798.0 0.7360285531698463
798.5 0.7755334442299422
799.0 1.167987017521534
799.5 0.9238521714508854
800.0 1.05986312012083
800.5 1.1869222938221649
801.0 0.9060516475860905
801.5 1.6487883803156618
802.0 0.7992288109292323
802.5 0.8485036215007732
803.0 0.8912820888590631
803.5 0.835065984118048
804.0 0.9064877381900289
804.5 0.5335519534886373
805.0 0.6088802571143677
805.5 0.7451508077319284
806.0 0.8721460734960014
806.5 0.7139332298570686
807.0 0.6799753826847903
807.5 1.0661351393452603
808.0 2.0702073316428677
808.5 0.7063060027967404
809.0 1.0924899351596709
809.5 1.0858913908377543
810.0 0.7493756494388739
810.5 1.1691189277378424
811.0 0.7513918545640812
811.5 1.3754129130505381
812.0 2.1386270941227172
812.5 1.1007401886686603
813.0 0.6014866870944939
813.5 1.6411029078055421
814.0 1.2346935024866799
814.5 0.9691729928222322
815.0 0.9823021712651636
815.5 0.3621896246017351
816.0 1.3153141797255765
816.5 0.5606300110705872
817.0 1.259896553465453
817.5 0.9036260960208424
818.0 0.43462230278240266
818.5 0.7208685279625449
819.0 0.8954352709201545
819.5 1.44712377321508
820.0 0.9676563859980029
820.5 1.3953121786177918
821.0 0.7712275317206124
821.5 0.6417126741137487
822.0 0.3166804654302875
822.5 1.7939133283060915
823.0 0.612994286625284
823.5 0.8437031508756883
824.0 1.3331406147696483
824.5 0.9009126482249105
825.0 1.346203338124583
825.5 0.7193679487596287
826.0 0.6006801770030397
826.5 1.2214314290229802
827.0 0.764077205923239
827.5 0.31822299527057973
828.0 1.6139687111488468
828.5 0.8395019142446958
829.0 1.0834447728665553
829.5 0.3883014954653038
830.0 0.7698648747042585
830.5 1.2262546866852402
831.0 1.0468977532864163
831.5 1.5364093853879155
832.0 0.5649698124159911
832.5 1.0131870587086578
833.0 1.1348448785682548
833.5 0.7208248567733331
834.0 1.5792087941411928
834.5 1.1378042197896168
835.0 0.8406926431835533
835.5 0.7539199871980662
836.0 1.0065079875080425
836.5 1.3133171629000704
837.0 1.0990150394783793
837.5 0.5962599429496555
838.0 1.6185612928303557
838.5 0.7089821884479943
839.0 1.3979832482566814
839.5 1.3979700742656802
840.0 1.470578185064792
840.5 1.1283634307316972
841.0 0.8152124613725484
841.5 1.336737985327355
842.0 0.9413244913582041
842.5 0.8498097486161373
843.0 1.0281127807833768
843.5 0.6068728904691097
844.0 0.5618380714765943
844.5 1.2960384400800193
845.0 1.179934903260676
845.5 0.5689938530701786
846.0 1.358207326938984
846.5 0.6693389878261262
847.0 1.1588741150026962
847.5 0.8953286016889526
848.0 0.5919321128904632
848.5 0.6483933461189951
849.0 0.8555159996729151
849.5 1.2653748366928914
850.0 0.8620107354636009
850.5 1.4930324342254062
851.0 0.77143077300393
851.5 1.0807458028825527
852.0 0.8954738393333662
852.5 1.6178360091804436
853.0 1.4909037919629942
853.5 0.9155847705178519
854.0 0.8317129624136474
854.5 1.7055797326090345
855.0 1.4437900096284277
855.5 0.7005800049800248
856.0 0.9228278440197235
856.5 0.3813784465443709
857.0 1.644824313638702
857.5 0.7695408327277714
858.0 1.2349638659852746
858.5 1.1183809872406087
859.0 0.6384422321537252
859.5 0.831912519559837
860.0 1.4336005257909257
860.5 0.49300796813751147
861.0 1.1057761728366087
861.5 0.7221206396992175
862.0 0.8015891345471295
862.5 0.994389953629052
863.0 1.3081560175665516
863.5 1.0171388316796746
864.0 0.7874340372153941
864.5 1.0685090534290995
865.0 1.5521900065429515
865.5 1.513362846254767
866.0 0.9577694211813705
866.5 1.146520164194958
867.0 0.7272407899144837
867.5 0.9112118263046204
868.0 0.9204951180542054
868.5 0.8939527563102022
869.0 1.4543600437104178
869.5 0.8600199862188986
870.0 0.8862098369774118
870.5 1.0735395429959094
871.0 0.969683229238182
871.5 0.2828494510376046
872.0 1.0147692207610783
872.5 0.6170570877554074
873.0 0.9678407813424368
873.5 1.8137351361217608
874.0 1.408014297922973
874.5 1.25311057970843
875.0 0.8400315574273842
875.5 1.1354310070210691
876.0 1.3682850292024553
876.5 0.5067782648639545
877.0 0.4518795260528827
877.5 1.0088272247976766
878.0 1.246540842004125
878.5 1.64155757007302
879.0 0.8332337706080255
879.5 1.4473805530024753
880.0 0.5556068630346982
880.5 1.336108867653354
881.0 0.9600712003809064
881.5 0.9046301057830537
882.0 0.8644530664299475
882.5 0.8506778031133317
883.0 0.7005619411476794
883.5 0.7375360667621065
884.0 1.1962363635491382
884.5 0.4138871850072049
885.0 0.8582786290262732
885.5 1.8524249818258784
886.0 0.5988977558796618
886.5 0.8929081302839628
887.0 1.1260778114895298
887.5 1.274735511926178
888.0 0.7093320417351969
888.5 0.8426871732435361
889.0 0.754539852054705
889.5 1.0175764893327064
890.0 0.3990770861874514
890.5 1.4566430435590008
891.0 1.1413105639627017
891.5 1.1477131575263542
892.0 0.8261808799482377
892.5 0.7822190070693438
893.0 0.8132016129158455
893.5 1.1040232250515514
894.0 0.8053768624645524
894.5 0.46734629160689956
895.0 0.9918506950003602
895.5 0.6796499425473292
896.0 0.9430740683305594
896.5 0.9294727823701525
897.0 0.6290795834586991
897.5 0.8319347061850659
898.0 0.9641033817999999
898.5 0.8985776709247759
899.0 0.9406345248414472
899.5 0.5423320275352461
900.0 0.97589177174306
900.5 1.5064550177997282
901.0 1.6220723478124741
901.5 1.029921256848802
902.0 1.1686925442495524
902.5 0.9090887264595181
903.0 0.4742761286683662
903.5 1.9647901171342084
904.0 1.84388279309402
904.5 0.5821625720140289
905.0 1.0690262828676131
905.5 0.8139396570238863
906.0 0.9027997488609967
906.5 1.0365040346259908
907.0 0.8912099141456845
907.5 0.4079402099947973
908.0 1.6178894619491628
908.5 0.40004995725930387
909.0 1.0028216097857383
909.5 1.3528345207888273
910.0 1.0950014391856264
910.5 0.4816229396613182
911.0 0.4547628669832223
911.5 0.7854694984633205
912.0 0.8439134052758768
912.5 0.5898057542093245
913.0 0.3894704073890478
913.5 0.47975230022610493
914.0 0.6273802148898846
914.5 1.00278160872235
915.0 0.5645253684672242
915.5 0.6568273344110429
916.0 1.464438791033611
916.5 1.0988199061706754
917.0 2.0107015239017114
917.5 0.8220518451937766
918.0 1.1251767713607208
918.5 0.8720212287477211
919.0 0.8320085742829104
919.5 1.1556692188832272
920.0 0.7093733027887343
920.5 1.074748375885365
921.0 1.1192410269928756
921.5 0.9085564810402739
922.0 0.7271167684869397
922.5 1.2035007077117477
923.0 1.0268100701228824
923.5 0.8844347280731508
924.0 1.209228959134905
924.5 0.9147972449261789
925.0 1.1870945000255673
925.5 1.5195397453445727
926.0 0.6547516955638052
926.5 0.5968388452799003
927.0 0.9529882440892453
927.5 0.5961122613406972
928.0 2.159463440195935
928.5 0.7642138609470877
929.0 0.9880368012989782
929.5 1.0820063455992543
930.0 0.7641047727726553
930.5 0.780320653266922
931.0 0.5793087678399996
931.5 1.049318526206474
932.0 1.2021445829279545
932.5 0.6130389685186245
933.0 0.7513362122227523
933.5 0.88972466818747
934.0 0.658476003448676
934.5 0.324108216841797
935.0 1.9302902305538043
935.5 0.6366266072216995
936.0 0.38952532545942253
936.5 0.9823289754420621
937.0 0.4299324681329503
937.5 1.1535404001213032
938.0 1.2868482374807015
938.5 0.8137260465267301
939.0 1.5624650734936298
939.5 0.5617838150364188
940.0 0.9009742311341392
940.5 1.0119207382939839
941.0 0.8204536274966978
941.5 0.7469332892734746
942.0 1.1271126858652782
942.5 0.8767190830028371
943.0 1.0693107022379178
943.5 1.7477820529309214
944.0 0.7453670665072519
944.5 1.7416554666858315
945.0 1.1377690452813698
945.5 1.0764671730659074
946.0 0.8706409574445106
946.5 0.8792449303867409
947.0 1.2612101737923322
947.5 0.9864090475560062
948.0 0.5162510520670233
948.5 0.7596134809174324
949.0 0.2
949.5 0.9246736522111536
950.0 1.402951109639512
950.5 0.9792142096455486
951.0 0.7951304182377718
951.5 0.6879704688817887
952.0 0.7755193718159035
952.5 0.515327800741461
953.0 0.8023277597635214
953.5 0.954246511117712
954.0 1.0787304954726067
954.5 0.52388570185183
955.0 1.103091718848568
955.5 0.9988674924792896
956.0 0.6254794339398566
956.5 1.454039917679332
957.0 0.8582616524884771
957.5 1.0499432548488568
958.0 1.5060927095376933
958.5 0.987751386368211
959.0 1.061864307556153
959.5 0.8271838194015417
960.0 0.5037958041454258
960.5 1.415123107070659
961.0 1.0230057488205628
961.5 2.0156473389576224
962.0 1.5972005577422665
962.5 0.8635209646646061
963.0 0.9022159894266091
963.5 0.474716043264228
964.0 0.9136913384714753
964.5 0.44301170669296985
965.0 0.7887030979977966
965.5 1.333658958034791
966.0 1.1724507607475019
966.5 0.7137431911454328
967.0 1.1436731186123317
967.5 0.7896638910954756
968.0 1.6563367215216078
968.5 0.9066075599522339
969.0 1.0834343700569162
969.5 0.9002875197852
970.0 1.1688119771457723
970.5 1.2869501875752647
971.0 1.5767537806381888
971.5 1.51085027315062
972.0 0.927297437611113
972.5 0.7736415653532365
973.0 0.8342822611331098
973.5 1.112351647813255
974.0 0.7247644512362514
974.5 1.5873187225540668
975.0 1.1879486886129789
975.5 0.9667025662349519
976.0 0.8936939549130909
976.5 0.6247414781471801
977.0 1.4433598275576522
977.5 1.1765222842279406
978.0 1.418059855143361
978.5 0.22126448400698773
979.0 1.1988718393679334
979.5 0.2
980.0 1.1526733091363752
980.5 0.6316406217717334
981.0 0.6655778599316712
981.5 0.7779626269097731
982.0 1.2164777828426423
982.5 0.9795763427441592
983.0 0.7641639186131313
983.5 0.5576234843628345
984.0 1.0087126464338014
984.5 0.6029164572309254
985.0 0.8971509774659187
985.5 0.8057852774994907
986.0 0.6792227314283708
986.5 0.8548430738496139
987.0 0.6893432956823009
987.5 0.8724532149393319
988.0 0.6073151204034066
988.5 1.8802810796418639
989.0 0.6035609870563281
989.5 1.2951792276358618
990.0 0.7706171438104459
990.5 0.7191103679634688
991.0 1.3997740869588902
991.5 1.0379351324981374
992.0 1.2301549311407252
992.5 0.94927495108839
993.0 1.1766070319183748
993.5 1.3639644353963107
994.0 1.0771647505514863
994.5 1.2552746658573208
995.0 1.6382884327879768
995.5 1.0942144309286916
996.0 1.1014230638335847
996.5 0.6179901004591611
997.0 1.620735207779632
997.5 1.387439405503132
998.0 0.5639556701124566
998.5 0.7053551135759493
999.0 0.9399199758366955
999.5 1.1138885134218695
1000.0 1.3367892363815967
1000.5 0.6994702584780558
1001.0 0.2624058855379142
1001.5 1.8295593927633202
1002.0 0.6508446607490683
1002.5 0.8217480439815956
1003.0 1.1632782038803646
1003.5 1.3217188117466212
1004.0 1.085191667020637
1004.5 0.9315371782616837
1005.0 1.1163358523110318
1005.5 0.8395842578154101
1006.0 1.0387550242711145
1006.5 0.5309814595633828
1007.0 1.3979145555350647
1007.5 1.0534653016077256
1008.0 0.7714550565570357
1008.5 1.219405708836612
1009.0 0.7995228143615256
1009.5 1.1642498159598094
1010.0 0.5107044167307959
1010.5 0.2862399069727404
1011.0 0.7793676419453451
1011.5 0.7972637940127145
1012.0 0.8756854905531801
1012.5 1.3185856230521042
1013.0 0.6994722898152392
1013.5 0.7006934672008338
1014.0 1.2278128687812448
1014.5 0.8056619268737402
1015.0 1.606630174953045
1015.5 1.2908685404762834
1016.0 0.728419851452982
1016.5 1.3338391636819455
1017.0 0.45236324791663374
1017.5 0.8209294717008639
1018.0 0.9594069051083883
1018.5 1.2835195263091612
1019.0 1.052677109834215
1019.5 0.6508754413146223
1020.0 0.9670705523645662
1020.5 1.3039617166147734
1021.0 1.1740373887365831
1021.5 1.8229214319182678
1022.0 0.6501372002702525
1022.5 1.3086910495125275
1023.0 0.7802110140528793
1023.5 0.863477705465618
1024.0 0.9034792599208022
1024.5 0.6271819260661557
1025.0 0.9534329070940755
1025.5 1.2267651290014547
1026.0 0.2
1026.5 0.932580009272887
1027.0 0.8888291666044519
1027.5 0.68204697725973
1028.0 0.536562296836302
1028.5 1.8153524869356064
1029.0 0.9985633716330484
1029.5 1.051141012647399
1030.0 0.9674252655476011
1030.5 0.7303111588263045
1031.0 1.2849496390270345
1031.5 0.7718321702933957
1032.0 0.5879002213288986
1032.5 0.9042664420985423
1033.0 0.9119567103171851
1033.5 0.9476447901806463
1034.0 0.8495832838023935
1034.5 1.011369491254264
1035.0 0.767269415354825
1035.5 0.7674262748925644
1036.0 0.4982054270978703
1036.5 0.8760061021377719
1037.0 0.6723293941609941
1037.5 0.8550983805791681
1038.0 0.635901901619766
1038.5 0.4812641008255575
1039.0 1.405578357696353
1039.5 0.4992810371957471
1040.0 1.0283393464903856
1040.5 1.7571994485898865
1041.0 1.1952763232629708
1041.5 0.8538804818884221
1042.0 1.327481303554051
1042.5 0.9331369767096866
1043.0 0.5493492540786067
1043.5 0.4679258488022736
1044.0 0.839836005435438
1044.5 0.6585261774965502
1045.0 1.0118537331226958
1045.5 1.0877249424616202
1046.0 0.7919261914073131
1046.5 0.8653669039827624
1047.0 1.1801620215506754
1047.5 0.286736847398126
1048.0 1.316180639295983
1048.5 1.878419995778379
1049.0 1.32926089835735
1049.5 0.3342179269558784
1050.0 1.3655657286309402
1050.5 0.9696818477779867
1051.0 1.0754201077540433
1051.5 0.9780849369374123
1052.0 1.2423842290205096
1052.5 1.0646672691968877
1053.0 0.7745298473465314
1053.5 0.5128836154511276
1054.0 0.9018535603491641
1054.5 0.7700687381215454
1055.0 0.48295664638069596
1055.5 0.5822417404055402
1056.0 1.181801606630799
1056.5 1.427441317881518
1057.0 0.6372607411083825
1057.5 0.704683911359066
1058.0 1.444929626962594
1058.5 1.0356871765004358
1059.0 0.7672512790225439
1059.5 0.7380576618199293
1060.0 0.8567640976459041
1060.5 0.7681316698955066
1061.0 1.5655373874679834
1061.5 1.4774713426409702
1062.0 2.081774877112952
1062.5 0.9493813798206159
1063.0 0.7093467045623939
1063.5 0.7249467537170344
1064.0 1.066705279470772
1064.5 0.9721064534874098
1065.0 0.9752594890905887
1065.5 1.2667127837035967
1066.0 1.3574261269956427
1066.5 0.6466654198860612
1067.0 1.374608806733053
1067.5 1.0110589084871107
1068.0 1.3707280568145839
1068.5 0.5993526558775087
1069.0 0.6468637986070659
1069.5 0.8988466972022477
1070.0 1.6938094092373523
1070.5 1.1184609762910842
1071.0 0.6720685377367566
1071.5 2.4080054911571676
1072.0 0.712726039919424
1072.5 0.7489426103782237
1073.0 1.9607028596013483
1073.5 0.969498644553832
1074.0 0.9746763257978881
1074.5 0.8207030153394992
1075.0 0.6488210882349782
1075.5 0.4759111662165679
1076.0 1.0650996754594222
1076.5 0.9483131832945848
1077.0 0.828238400048575
1077.5 0.6648396935492256
1078.0 1.2695525832104773
1078.5 0.875936276589984
1079.0 1.0656015631466955
1079.5 0.46697563014339166
1080.0 0.7645055519023878
1080.5 1.256880935136306
1081.0 0.877298085534572
1081.5 1.923536595847919
1082.0 0.9014969514305591
1082.5 1.0499159741197104
1083.0 0.5982765846974234
1083.5 0.8298554756687375
1084.0 0.8634970902240742
1084.5 0.6242524563598322
1085.0 1.3616177698752914
1085.5 0.4547096974718189
1086.0 0.7177106076178082
1086.5 1.3514670106086277
1087.0 0.9676402661914598
1087.5 0.741340560035511
1088.0 0.8148430580771714
1088.5 1.392419255816299
1089.0 0.6080549732620263
1089.5 0.788895762517065
1090.0 1.1320270891897355
1090.5 1.8533241972915704
1091.0 0.9480661099809893
1091.5 1.4445951874365486
1092.0 0.9975003955238249
1092.5 0.6355207280867874
1093.0 0.6229224644659495
1093.5 1.0414604113459442
1094.0 1.1568456029531
1094.5 0.7355088853048315
1095.0 0.8978274013113007
1095.5 1.675716091786546
1096.0 0.9432404604847142
1096.5 1.3312417749973013
1097.0 0.6353616747748243
1097.5 1.0644463794756165
1098.0 0.6618349340657881
1098.5 0.5998227317623868
1099.0 1.112391877773407
1099.5 1.1076575294093822
1100.0 0.6581639700675461
1100.5 0.8814385378819616
1101.0 0.9916953530496164
1101.5 0.6234156890257176
1102.0 1.0637576621351092
1102.5 1.299458499942458
1103.0 1.611486385248357
1103.5 0.7213246826286979
1104.0 1.224461070734706
1104.5 0.5706237199716608
1105.0 1.1531485685758285
1105.5 1.0434591216055653
1106.0 1.35105647114684
1106.5 1.7315473228800942
1107.0 0.5376365551767256
1107.5 0.9518098018536619
1108.0 0.8037148853591531
1108.5 1.3808986140677741
1109.0 0.6215544517272743
1109.5 0.4236168619465064
1110.0 1.592351583391841
1110.5 1.4428027680446083
1111.0 0.5619939886680362
1111.5 0.2
1112.0 1.109836143617257
1112.5 1.1811092134690453
1113.0 1.133241616481305
1113.5 0.40919341360634665
1114.0 0.6768860504004099
1114.5 0.5103167217563496
1115.0 1.2546141781955622
1115.5 0.7753806060143443
1116.0 0.7108679312756303
1116.5 0.9230446323514643
1117.0 1.0487704496197476
1117.5 1.4727027305020757
1118.0 0.7252676784546246
1118.5 0.7033217185351948
1119.0 1.0556165626313825
1119.5 0.7532111562083659
1120.0 0.7517666418641584
1120.5 0.9777213971422377
1121.0 0.8541460296282479
1121.5 1.1410002939273687
1122.0 1.0135998138545343
1122.5 0.7972492436408328
1123.0 0.9681080588965609
1123.5 0.5226835281880484
1124.0 0.9798295902066462
1124.5 1.6794589385537542
1125.0 1.1916770750027326
1125.5 0.7486839551274512
1126.0 0.7760893718085611
1126.5 1.0352178266464467
1127.0 1.319842618468079
1127.5 1.1197996866020192
1128.0 1.1932632378390577
1128.5 1.028651061511629
1129.0 0.7829588462278195
1129.5 0.618748827168585
1130.0 1.1698998942624343
1130.5 0.831372597704261
1131.0 0.5029115593363622
1131.5 0.5571821286859706
1132.0 1.2856861158890875
1132.5 1.4921866632521916
1133.0 0.7657372226827832
1133.5 0.5705673656735359
1134.0 0.9240763335870933
1134.5 0.5098043095857491
1135.0 1.0224903622747035
1135.5 1.1162861541211817
1136.0 1.1463381430285438
1136.5 0.9585135513364752
1137.0 1.3593999181966203
1137.5 1.3042128818161265
1138.0 0.6391725650401866
1138.5 1.1264316420573195
1139.0 1.1604048619050413
1139.5 1.179972002067359
1140.0 0.6406427562105133
1140.5 0.7018753100727957
1141.0 0.9758400020043626
1141.5 1.009134032420116
1142.0 1.0631655170982575
1142.5 1.6676792863948005
1143.0 1.8158999153081843
1143.5 1.1842220623315343
1144.0 0.4102076921741288
1144.5 0.6158872008943473
1145.0 1.0038738670010257
1145.5 0.8477463910857134
1146.0 1.394008673440533
1146.5 0.744479507653574
1147.0 0.8182676234370103
1147.5 0.3403309667167698
1148.0 0.5905928644691875
1148.5 1.0428946790926314
1149.0 0.6623618740622708
1149.5 0.40785236766712574
1150.0 0.6849540098373894
1150.5 0.7421458672103209
1151.0 1.5452632793127163
1151.5 0.6986203686896757
1152.0 0.2
1152.5 1.848221356901465
1153.0 1.1731149406641652
1153.5 0.8953036947686946
1154.0 1.46318854018253
1154.5 1.0817509269992955
1155.0 1.089980900941335
1155.5 1.395181390989808
1156.0 0.7795377901876331
1156.5 0.7125416568649554
1157.0 1.78265925157221
1157.5 1.299159665776831
1158.0 0.7918634855337221
1158.5 0.6013390679846622
1159.0 1.6125540929396909
1159.5 1.0520274020525942
1160.0 1.0777545258573284
1160.5 1.1624141801802574
1161.0 0.22903424423899466
1161.5 0.6573824764661316
1162.0 1.0590729698526886
1162.5 1.0432185706162698
1163.0 1.1365136809869623
1163.5 0.8357450980657789
1164.0 0.6067112111741116
1164.5 0.8987677359658992
1165.0 0.6831699313321618
1165.5 0.7747859963199883
1166.0 1.9688276088871803
1166.5 0.41419748947454715
1167.0 0.8603276854519457
1167.5 1.2173323718159337
1168.0 1.1325370647845707
1168.5 0.8013951162483668
1169.0 0.9680214019571962
1169.5 0.8610729348134254
1170.0 0.83094475010058
1170.5 0.8032286874028761
1171.0 0.9100777568340603
1171.5 1.2201625673561447
1172.0 0.5737797533136253
1172.5 0.9470375784469167
1173.0 0.9643293454817489
1173.5 1.4298597256222856
1174.0 0.6947931921070661
1174.5 1.2942774734662668
1175.0 0.45683331079910694
1175.5 1.0996641118729382
1176.0 0.8405416073280665
1176.5 0.2
1177.0 1.3994211082989834
1177.5 0.9243971236389299
1178.0 0.585001849130608
1178.5 0.6794477665442062
1179.0 1.0699634762570471
1179.5 0.7838364536609456
1180.0 1.062882960938952
1180.5 0.7625363425782172
1181.0 1.1472017380342572
1181.5 0.6642863590032478
1182.0 0.7721590009386222
1182.5 0.5462197070436918
1183.0 1.6881419767852335
1183.5 1.2790611664225784
1184.0 0.7833739126294903
1184.5 0.5481331026103714
1185.0 0.8085932632386984
1185.5 1.4111522731651918
1186.0 0.5433428176969438
1186.5 0.985529774331183
1187.0 0.926756410011839
1187.5 0.8443857326719717
1188.0 0.7949815062905856
1188.5 0.800230715289568
1189.0 1.9262855061749402
1189.5 0.8793962061421485
1190.0 1.3623238449838704
1190.5 0.9069998935697569
1191.0 0.8560466396835047
1191.5 1.1760798186489665
1192.0 0.9116951927193121
1192.5 0.7565772672428335
1193.0 0.922544291230203
1193.5 1.4021503421786916
1194.0 0.7539292570596622
1194.5 0.859577619716366
1195.0 1.3690258779504427
1195.5 1.080009329781984
1196.0 0.8339736952985481
1196.5 0.8294295642958364
1197.0 1.4327606200381608
1197.5 0.5284242946566831
1198.0 0.9745905000678707
1198.5 1.2519328060313808
1199.0 1.1337625733699555
1199.5 0.8332537547611514
1200.0 0.9140869739317145
1200.5 1.2227071161559602
1201.0 0.8816259074510912
1201.5 1.080397729557688
1202.0 0.8375741218399672
1202.5 0.6182501129324343
1203.0 1.110232325638311
1203.5 1.396060860157299
1204.0 0.7967507716672606
1204.5 0.9986425365716631
1205.0 1.169184427154049
1205.5 1.715296795643742
1206.0 1.1284932574315274
1206.5 1.0238157130386143
1207.0 1.2719546467211322
1207.5 0.9283455279677888
1208.0 0.6178602291327064
1208.5 1.1591200515824707
1209.0 2.498907127139473
1209.5 1.3745960051847121
1210.0 1.0323464060221128
1210.5 0.7067615172474004
1211.0 0.7150366713522451
1211.5 0.6149755455298798
1212.0 0.93798866483881
1212.5 0.9544642447692755
1213.0 1.4536424944715503
1213.5 1.7891734883417207
1214.0 0.7841135897720268
1214.5 1.3621757564123205
1215.0 0.2
1215.5 0.8733737527131337
1216.0 1.2501324171972437
1216.5 1.1987096583035095
1217.0 0.7818757960346377
1217.5 0.8708691622613182
1218.0 0.5174386872398566
1218.5 1.1696392375646039
1219.0 0.2
1219.5 1.1970551770687021
1220.0 0.976263694558366
1220.5 0.6621879452178215
1221.0 1.4412132444415873
1221.5 1.497431782767983
1222.0 1.1126756843186123
1222.5 1.1345193945747685
1223.0 1.3515687577925135
1223.5 0.6401269137934825
1224.0 0.7394197219149319
1224.5 0.983130286871858
1225.0 0.6731568303469899
1225.5 0.9887222024974575
1226.0 0.6407714614091802
1226.5 0.7379117816729432
1227.0 1.347902993528633
1227.5 1.0415469014382785
1228.0 0.9390700032311046
1228.5 1.0817613448589851
1229.0 0.7615723391366103
1229.5 0.7596320166540869
1230.0 0.9418005284453493
1230.5 1.6114947666640265
1231.0 1.504102191630765
1231.5 1.9332035858146854
1232.0 1.7672535017175277
1232.5 1.94082332941421
1233.0 0.6726173007945241
1233.5 1.3465682768490501
1234.0 1.0376325358254768
1234.5 1.0685288034577278
1235.0 1.186887833688358
1235.5 1.1487744902915442
1236.0 0.966142852829784
1236.5 0.6206498111387497
1237.0 1.0495851864845764
1237.5 0.9405787245726714
1238.0 1.1394845122516277
1238.5 1.008855163562235
1239.0 1.1425127698816353
1239.5 1.2080807647412295
1240.0 0.7348555818072606
1240.5 0.60314431357823
1241.0 1.1679727128284498
1241.5 1.111162079784778
1242.0 1.42767423723265
1242.5 1.3792130509269693
1243.0 1.196793690689863
1243.5 0.9447393612638981
1244.0 1.1678844851377068
1244.5 1.8936456384138132
1245.0 0.5741764414693993
1245.5 1.280187950785415
1246.0 0.8605276731418168
1246.5 1.6023071286006405
1247.0 1.2081913247275904
1247.5 1.2979919732154364
1248.0 0.6094889753253306
1248.5 0.6397579968590923
1249.0 1.2311584346851672
1249.5 1.0290603926877688
1250.0 1.57368244078963
1250.5 0.9987521891461298
1251.0 1.1180814664700622
1251.5 1.0877693770917243
1252.0 0.8553075022832255
1252.5 1.3195407704594821
1253.0 1.3886128587102222
1253.5 0.7303251808695796
1254.0 0.4260333649006104
1254.5 0.9410459402901262
1255.0 1.4686013343116935
1255.5 0.705530932486869
1256.0 0.9926303163055445
1256.5 0.6141058382994036
1257.0 1.1300705355713845
1257.5 1.1560345590528274
1258.0 2.3132619034710937
1258.5 0.6826988170008585
1259.0 1.2427745244990618
1259.5 0.8719777981776893
1260.0 0.7814111699849025
1260.5 0.5745176073072775
1261.0 1.2988124548244953
1261.5 0.6434671072440468
1262.0 1.6060842298819944
1262.5 0.2
1263.0 1.0804679603190142
1263.5 1.964809217034476
1264.0 0.5726072930688622
1264.5 0.9705301969283451
1265.0 0.8054835258343424
1265.5 1.3088128837382342
1266.0 1.2347392091333111
1266.5 0.5871565652580983
1267.0 0.9091442146438907
1267.5 0.9585164183944894
1268.0 1.3576718453196497
1268.5 1.0738887037150318
1269.0 0.9565136643318584
1269.5 0.6260280750148972
1270.0 1.3043581894428193
1270.5 0.8800977144820953
1271.0 0.9075760391208495
1271.5 1.5013395971235588
1272.0 0.8392005460986994
1272.5 1.1645794839949992
1273.0 0.7169825538001681
1273.5 0.8652530681901837
1274.0 1.0235324220619417
1274.5 0.5080557357056721
1275.0 0.8280682126042851
1275.5 0.6518884944808766
1276.0 0.8988563250399557
1276.5 1.2733545614402688
1277.0 1.4485741724258032
1277.5 1.5295136240298746
1278.0 0.8314159088592389
1278.5 0.8151974416949385
1279.0 1.0111487807465847
1279.5 1.0581898638618483
1280.0 1.7123919713416185
1280.5 1.7102344929676385
1281.0 0.6737220545640892
1281.5 0.49092623951416947
1282.0 0.5956584241385217
1282.5 1.112024159607351
1283.0 0.8059676771661954
1283.5 0.7727889820908991
1284.0 0.859243236363136
1284.5 0.7808598570335601
1285.0 0.6718386894080961
1285.5 0.5799051779864552
1286.0 0.990228371971789
1286.5 0.8579055372237991
1287.0 1.6958608619066617
1287.5 0.8263466808883425
1288.0 0.9800499814584227
1288.5 1.3678989248428253
1289.0 0.9504715168595688
1289.5 0.8258123288880537
1290.0 1.0449156080866067
1290.5 1.1216951228590275
1291.0 1.1321651171255134
1291.5 0.7359233729301324
1292.0 1.0456353608416136
1292.5 0.8713973278772877
1293.0 0.45173447503352815
1293.5 0.6535792734916841
1294.0 0.5662303094126614
1294.5 0.6204067113635222
1295.0 1.057991486772928
1295.5 0.6725097156063933
1296.0 1.3220387076493432
1296.5 1.449792941811661
1297.0 1.0583476699506367
1297.5 0.7192386357571449
1298.0 0.7693452274814178
1298.5 1.27502221335208
1299.0 1.0585784066195396
1299.5 1.5598648297515794
1300.0 1.3384171620350838
1300.5 1.0213092423345294
1301.0 0.8904509592107706
1301.5 0.6770315302691319
1302.0 0.8636028736983574
1302.5 0.6784852551402915
1303.0 1.1383569326199803
1303.5 0.7525357531485195
1304.0 0.5796936396933394
1304.5 1.3175510160735806
1305.0 1.0116067973525533
1305.5 0.46675901764727945
1306.0 0.6505170501999852
1306.5 1.3000868753190016
1307.0 0.7735249943650733
1307.5 1.0637889415787205
1308.0 0.6350098330825575
1308.5 1.4346049794012008
1309.0 0.8152949501506105
1309.5 1.6316184144361259
1310.0 0.8412336836426125
1310.5 0.7850669044225929
1311.0 0.7776642662305648
1311.5 1.1263097332181131
1312.0 0.8939648089678291
1312.5 0.6926636868629625
1313.0 0.6969197960024451
1313.5 0.6770290705099764
1314.0 1.6069554920996563
1314.5 1.0089351549285408
1315.0 0.9449826738626493
1315.5 1.5244863524703884
1316.0 1.0387193943716362
1316.5 1.0985680900993589
1317.0 0.7097159864585872
1317.5 0.5637429780991359
1318.0 1.83739038558826
1318.5 0.5389176681890733
1319.0 2.0508047215804757
1319.5 1.092316776031353
1320.0 0.9943919009590664
1320.5 1.5708620612801805
1321.0 1.2188986609769592
1321.5 1.1720651566511502
1322.0 1.1608194141111245
1322.5 1.6106492915404584
1323.0 1.0610615713268503
1323.5 1.2533725709124695
1324.0 1.1775661098769041
1324.5 0.3992709163282414
1325.0 0.987503668487328
1325.5 0.8050101999730814
1326.0 0.7373968367286351
1326.5 0.8535457195916485
1327.0 1.124714820796529
1327.5 0.8955223956478602
1328.0 0.7927029476368588
1328.5 1.3243799770724771
1329.0 0.8559947947515837
1329.5 1.1052492415814963
1330.0 1.238882191998107
1330.5 0.9847714368638469
1331.0 1.107096514233695
1331.5 0.83230902624501
1332.0 0.8371350133524388
1332.5 0.6967377742221509
1333.0 0.425979360992276
1333.5 0.794946954462384
1334.0 0.8940912258702512
1334.5 1.3861973596311596
1335.0 1.1684518554616434
1335.5 0.23232965190812072
1336.0 0.7336003304903018
1336.5 0.7606050592769149
1337.0 1.6774658782634027
1337.5 1.164516613139347
1338.0 0.8073948937121485
1338.5 1.181234102539071
1339.0 0.687203697421422
1339.5 0.8305226824862355
1340.0 1.2712352960323006
1340.5 1.4322710857912053
1341.0 0.5018982460059662
1341.5 0.8909567665728814
1342.0 1.754098432082213
1342.5 1.6126729948389436
1343.0 1.0658860940411645
1343.5 0.904306183382674
1344.0 0.9564353854603066
1344.5 0.9274615402960419
1345.0 0.7710830030854221
1345.5 1.038946637319106
1346.0 1.1201719002173611
1346.5 1.523848167188989
1347.0 0.9675201454926342
1347.5 1.7064825604747944
1348.0 1.0521107956441444
1348.5 0.9972284557132037
1349.0 0.9876999826438152
1349.5 1.0088046028171744
1350.0 1.7359963100593028
1350.5 1.3588760646228741
1351.0 0.9513529102771857
1351.5 0.6390488116505761
1352.0 1.6401664595346213
1352.5 1.3077112667990014
1353.0 0.8295291801328457
1353.5 1.1013341493037483
1354.0 0.33571412748616714
1354.5 0.709444315989636
1355.0 0.3709852615150513
1355.5 0.48656117807617627
1356.0 1.014029509289872
1356.5 1.0078195875362381
1357.0 1.0891286395382533
1357.5 0.6419847420414436
1358.0 0.9451484852259207
1358.5 0.6591921032232696
1359.0 0.7716431326930514
1359.5 1.4806554245455947
1360.0 1.2410960964024724
1360.5 1.5093209752676713
1361.0 0.9267121562626819
1361.5 0.6079665312948002
1362.0 0.364831722987402
1362.5 0.8345279948786556
1363.0 0.7191610724104014
1363.5 1.2128153463264875
1364.0 0.945174810137815
1364.5 1.0363869867185043
1365.0 0.6556303035605793
1365.5 1.0030353846071374
1366.0 0.9797291339528976
1366.5 1.3527679906579806
1367.0 0.9823196323776278
1367.5 1.2660969612232544
1368.0 0.7455563619711586
1368.5 1.3869668815901104
1369.0 1.1220786150633004
1369.5 0.808744062378279
1370.0 1.307737962212661
1370.5 1.5252675676575844
1371.0 0.9251210133718974
1371.5 1.305889200874947
1372.0 0.6299950705896944
1372.5 1.0142238888622939
1373.0 1.1587715221309636
1373.5 0.9363985639577188
1374.0 1.1465520485609382
1374.5 1.4805529881630504
1375.0 0.990899924640346
1375.5 1.3513853948105554
1376.0 1.085460739953433
1376.5 0.6339793339016262
1377.0 1.264125857812092
1377.5 0.9109838171546535
1378.0 1.245835508763077
1378.5 1.538647378816183
1379.0 0.7883911688939312
1379.5 1.235200197987266
1380.0 0.668603858639911
1380.5 1.192723065690251
1381.0 0.6144256753541962
1381.5 0.7982027840957335
1382.0 0.7914271587965689
1382.5 0.3468528414394526
1383.0 1.360350189962165
1383.5 0.8705631091231982
1384.0 0.712002124079852
1384.5 0.9048442924139476
1385.0 1.0285778846267934
1385.5 0.8502357622473076
1386.0 0.9208543096570789
1386.5 1.0874710456530274
1387.0 0.8863079819413586
1387.5 1.2670137614377412
1388.0 0.7760133113236618
1388.5 0.6850078940951336
1389.0 0.9341064894697272
1389.5 1.3355074545830954
1390.0 1.5782533801040883
1390.5 1.5258640723296364
1391.0 0.9438112336744771
1391.5 0.6252707793450435
1392.0 1.6889038618970806
1392.5 0.9249087733661686
1393.0 1.0848427815072266
1393.5 1.6578395311038383
1394.0 1.1586012443693767
1394.5 0.6718966292495242
1395.0 1.040524478150922
1395.5 1.764043112815369
1396.0 1.1719924012854028
1396.5 0.7613355268690873
1397.0 0.8850230105700927
1397.5 1.1566538893182257
1398.0 1.2010768315680125
1398.5 0.9714166260611411
1399.0 1.2776335795885563
1399.5 1.2888139864389703
1400.0 0.5506562918000972
1400.5 0.8630940993138024
1401.0 0.8842931290547548
1401.5 0.7908463097569121
1402.0 1.982313235014562
1402.5 0.9751120944977901
1403.0 1.263465322202466
1403.5 1.0966945583600065
1404.0 1.193220601084103
1404.5 0.8522816649045803
1405.0 0.8382238859362414
1405.5 1.3164063530612105
1406.0 1.3104951361602244
1406.5 1.016358005215348
1407.0 1.0037936681054132
1407.5 1.0479240540612995
1408.0 1.2848401315577394
1408.5 1.23835866448493
1409.0 1.3380104082565754
1409.5 1.1785817459197836
1410.0 0.4920997860742967
1410.5 1.521297287542855
1411.0 1.0877924570717088
1411.5 0.9393722414550397
1412.0 0.8712391057909037
1412.5 0.8627623073794154
1413.0 1.1572061932842055
1413.5 1.4152553048308016
1414.0 0.8113185573747839
1414.5 1.2217241863127226
1415.0 0.5989240607498224
1415.5 0.9510590339361864
1416.0 1.5871674594920866
1416.5 1.574612775400063
1417.0 1.0198009645401829
1417.5 0.6690966101517966
1418.0 1.0643575823507947
1418.5 1.6517488024744589
1419.0 0.7900871345045257
1419.5 0.7731403708467981
1420.0 0.9892335629182609
1420.5 0.6327531456410518
1421.0 0.6251111150173081
1421.5 0.2
1422.0 1.0153671897963512
1422.5 0.7851427931704074
1423.0 0.7446300000021691
1423.5 2.2895516671967022
1424.0 0.8179153613596732
1424.5 0.9267353964461275
1425.0 1.2803040743016911
1425.5 1.307643446728344
1426.0 0.7835018483424864
1426.5 1.2673601762767395
1427.0 1.3905264388302032
1427.5 0.2
1428.0 0.46173896295406347
1428.5 1.3381216395443465
1429.0 1.2814457904528846
1429.5 1.1283478018026627
1430.0 1.5179709930149754
1430.5 0.8866805058872098
1431.0 1.755727273919645
1431.5 1.475124943491081
1432.0 0.600814822408543
1432.5 1.2549366338092187
1433.0 0.635284464444707
1433.5 0.9536161771561192
1434.0 0.9595493476666418
1434.5 1.0999511103752355
1435.0 0.37820341472696684
1435.5 1.0909649322837836
1436.0 1.4658953071449088
1436.5 0.8094037158156373
1437.0 0.8648409231951164
1437.5 1.1764440345051033
1438.0 0.9872223479793126
1438.5 1.0175557654947371
1439.0 1.4738875525636823
1439.5 1.5886303954517578
